50 50
1 2 99999
2 3 99999
3 4 99999
4 5 99999
5 6 99999
6 7 99999
7 8 99999
8 9 99999
9 10 99999
10 11 99999
11 12 99999
12 13 99999
13 14 99999
14 15 99999
15 16 99999
16 17 99999
17 18 99999
18 19 99999
19 20 99999
20 21 99999
21 22 99999
22 1 99999
21 23 0
23 24 99998
24 25 99998
25 26 99998
26 27 99998
27 28 99998
28 29 99998
29 30 99998
30 31 99998
31 32 99998
32 33 99998
33 34 99998
34 35 99998
35 36 99998
36 23 99998
35 37 0
37 38 99997
38 39 99997
39 40 99997
40 41 99997
41 42 99997
42 43 99997
43 37 99997
42 44 0
44 45 92734
45 46 92734
46 44 92734
45 50 0
1000000000
