50 2500
5 7 14744
1 6 36983
5 9 2528
8 8 63116
4 5 21228
9 4 44841
10 2 84903
10 2 7037
9 1 72634
5 9 56339
10 4 58424
5 7 35159
7 3 19218
7 6 57336
4 5 78195
9 10 6230
6 5 52041
10 4 73984
4 2 32979
7 10 52612
10 7 48250
8 7 58164
3 1 67931
7 7 13100
9 3 35252
6 5 18191
2 7 47677
4 4 82726
3 2 40150
1 1 23976
4 1 99199
7 6 97050
4 1 45591
4 6 32321
5 8 58475
5 6 77146
9 5 12349
5 6 3924
9 5 63638
6 5 29561
3 6 52468
2 10 18916
7 10 90670
8 7 22953
2 6 44747
4 2 42369
9 5 15241
2 3 49938
9 6 76589
7 7 45237
7 7 6242
10 1 28876
4 1 72934
5 3 49560
4 5 12974
7 4 5867
5 2 33992
5 9 39518
1 10 98598
2 4 82207
10 9 48953
2 1 62049
9 3 97624
3 2 16828
1 4 82575
7 4 32249
4 3 34634
3 6 36975
4 7 45769
5 2 59662
7 8 35308
7 3 33416
2 8 59794
7 4 21788
1 10 89044
9 4 18923
5 6 6609
9 3 30822
3 2 85054
5 5 90608
4 1 25199
10 1 68582
5 2 40787
6 2 57831
9 3 65365
2 4 3003
2 5 72892
2 8 78036
2 7 46489
1 10 47314
9 7 26644
6 9 82742
3 9 89213
6 8 80133
9 6 79858
2 3 75296
10 3 92740
5 4 11255
10 2 71785
4 7 40627
1 10 19629
1 10 53728
5 5 76346
6 6 25358
6 6 23500
7 2 48134
4 8 42259
4 8 24041
4 7 12967
5 5 79563
8 3 60228
5 6 44107
10 9 87400
6 10 31808
2 10 89342
9 7 18320
6 3 6784
8 4 36671
8 4 81155
4 8 89076
8 9 68976
7 8 99036
3 9 80660
6 2 3855
3 5 63068
10 4 10471
1 1 58476
9 10 35407
10 2 47354
8 1 5661
6 10 38000
10 5 74006
5 1 64553
2 5 66818
3 3 25182
8 2 32097
4 4 55482
10 4 41483
10 10 26743
3 3 54187
3 3 65283
10 8 8777
8 5 55306
2 3 36562
1 5 53576
10 7 8126
2 5 66839
2 9 32679
10 1 21608
6 4 32911
3 4 57199
4 9 50585
5 1 55453
3 1 89200
8 4 60240
6 9 38714
2 9 54774
6 9 26887
5 1 40101
10 1 5674
9 6 71421
9 8 67047
4 2 54712
8 5 28377
9 6 21286
5 8 75192
10 5 86434
5 9 70894
5 10 56408
1 8 65380
1 8 88963
3 2 63877
1 4 92204
7 10 64756
6 6 87229
3 10 81211
4 9 76980
2 5 22090
4 9 88984
4 7 96724
5 10 67568
1 2 7284
8 8 23128
7 6 9392
1 2 35943
7 10 21548
6 6 10552
7 2 90369
2 5 77092
3 3 20089
10 9 98357
10 8 29524
1 2 18193
7 2 40668
10 5 47794
4 3 42852
5 6 43328
5 8 32220
4 8 60116
4 4 45174
3 9 46475
1 7 88054
5 4 52747
6 5 95001
10 10 8450
5 5 7693
8 3 60789
8 9 80259
8 3 60740
4 3 40509
8 6 35832
1 1 34729
1 10 50844
6 8 2606
1 10 45414
10 8 55666
9 5 59760
9 10 6214
4 6 42167
7 8 32978
6 4 42672
1 8 97955
10 8 71814
10 8 99656
1 10 68681
8 8 68867
4 1 23629
2 5 71862
10 6 24575
3 10 74926
8 10 95832
7 4 65124
3 4 21175
6 6 92087
5 10 51611
8 8 50545
8 9 98699
10 5 24476
6 10 79073
2 6 51739
9 1 69877
1 6 88369
9 5 40364
6 9 79405
5 9 66205
6 5 7992
4 10 1593
9 8 56019
9 4 63765
1 10 81896
8 8 75876
2 4 98040
10 10 60442
5 7 10830
8 3 86939
6 2 97397
2 9 56166
10 3 19503
6 5 70187
10 6 77645
10 2 51951
3 5 55527
3 2 71976
10 3 93308
9 5 32054
1 1 9084
9 2 86081
1 10 93326
5 7 26475
8 9 66479
5 2 78915
6 8 81358
7 6 68311
6 4 89750
9 8 2057
3 8 76885
2 10 62140
1 5 2897
9 5 71968
8 8 11612
3 5 65628
9 2 63021
10 9 12520
9 9 85623
1 1 56993
1 4 1817
6 4 6046
9 2 57053
7 10 15712
6 2 39358
7 8 83097
5 10 47720
10 4 83047
10 7 97978
8 2 99934
9 3 15263
6 2 92475
5 9 79337
10 1 6018
6 7 69722
2 3 68034
10 2 12358
3 8 91347
10 8 99362
5 5 80879
6 10 33745
6 8 25462
8 9 16698
2 1 31002
1 1 26163
2 4 56306
7 1 41261
4 2 82096
4 8 11912
5 6 27813
6 10 597
8 2 22968
2 9 82070
2 9 245
1 3 55269
3 1 58678
10 8 32562
5 5 16725
9 6 37373
5 10 48760
6 9 79516
2 8 53280
5 7 35109
4 8 8381
9 10 36494
2 8 17943
5 8 58402
4 1 71251
2 8 55840
3 7 27043
3 8 82385
4 7 80339
9 7 65376
4 4 83777
9 7 86754
3 5 24138
8 7 70058
7 4 15537
8 4 89544
4 9 72248
9 3 35961
6 9 92163
2 6 13862
6 8 84446
8 9 31088
8 3 47390
4 8 25383
5 4 72228
10 2 64009
8 3 60243
8 6 37135
9 6 80923
2 2 37202
7 4 21974
5 9 96156
3 7 34052
8 4 17228
2 7 17361
10 10 44056
1 10 39507
2 8 18518
6 7 86775
4 6 80308
9 5 99389
6 3 1512
5 1 7418
6 7 53324
7 1 92031
2 10 99320
3 1 38455
6 3 59902
8 4 5758
10 6 9790
6 7 15502
5 8 48582
9 2 99332
6 10 22008
10 1 55029
1 4 96782
4 2 43845
7 1 87775
4 10 38708
4 1 65261
10 1 64950
9 7 99463
5 1 91568
1 7 26506
5 7 52874
1 2 95906
4 6 46082
9 9 16125
10 5 40577
1 2 87645
9 1 96854
7 4 68110
3 27 49756
10 31 39121
10 27 66021
5 25 27875
10 49 19919
4 3 72750
9 36 97103
7 17 81962
2 29 91409
10 48 58073
8 32 76601
1 48 59256
10 22 27580
8 1 78987
4 36 85214
10 22 50786
2 24 83903
5 40 9659
1 49 86046
9 30 66865
8 34 92536
7 25 79674
2 33 23428
7 24 22730
8 8 87918
5 45 92682
7 48 87776
10 7 2707
9 15 23372
5 40 48576
7 22 96442
7 29 52895
3 17 28723
8 44 19174
8 10 40602
5 46 52353
3 14 58935
9 10 27425
7 22 48143
10 9 12814
4 33 83764
1 30 80122
9 31 12574
3 9 56911
1 19 68425
9 47 4140
7 19 37952
9 47 24917
6 36 95272
3 9 36185
10 12 49824
6 8 60004
6 13 76499
10 20 16054
4 36 22179
6 30 22011
8 26 7852
8 25 33421
2 2 70422
5 18 79737
9 31 13363
9 44 78131
10 24 60362
4 50 31745
4 13 31087
6 4 44010
7 14 83215
3 22 5676
3 4 89873
5 48 36194
4 43 46622
2 34 86089
10 10 27132
7 14 31972
3 48 31683
4 14 20813
3 35 97634
6 9 45143
3 27 66006
2 42 55805
10 8 23312
9 47 43894
1 38 62777
7 11 48544
10 45 34091
8 1 72184
2 21 75836
4 46 9917
4 16 49721
8 19 24653
5 47 20776
7 11 24641
3 20 52636
4 28 25043
8 46 12057
5 16 187
4 40 1820
9 20 58135
9 46 66131
1 47 94224
11 12 78129
14 13 9559
20 11 79632
14 16 20586
17 19 82199
18 13 99858
19 13 44307
14 13 32960
15 16 8508
12 19 34460
14 14 30006
16 20 4841
17 16 8728
19 13 86769
16 12 65570
15 19 91762
17 20 74637
15 17 49298
11 14 44295
13 13 29645
15 12 80098
20 11 64107
18 13 78546
15 19 16364
11 20 961
16 13 85275
11 13 87335
20 19 61888
11 18 58947
16 11 44781
16 17 61030
16 16 91724
13 18 40362
18 16 59669
13 15 81812
13 11 47028
20 19 29624
19 18 94245
20 17 47342
11 11 42875
16 17 71155
16 17 76329
15 17 48351
17 16 23558
20 15 31064
19 19 61175
12 11 88418
17 11 90658
17 18 72370
11 18 40728
19 17 6217
18 17 75773
13 13 84139
15 11 9219
17 11 66839
11 14 85397
15 18 15972
16 19 18871
12 17 29522
17 17 60358
12 14 64672
20 20 91634
15 20 74218
12 17 66549
15 15 39714
16 11 94342
20 12 78899
17 17 67372
13 15 98294
20 18 35584
15 16 83368
16 18 21394
12 13 89279
12 18 2820
17 16 53523
19 12 1143
12 14 78284
14 11 27923
17 14 72676
18 15 40790
15 12 43380
15 16 48315
17 12 33439
13 13 91655
11 17 32608
12 19 19234
17 17 85100
20 19 95059
19 14 60511
12 13 30464
16 13 7085
20 18 71943
14 20 91290
17 14 87937
16 12 29215
15 19 78044
14 18 10995
12 20 37158
11 18 3963
11 16 82064
16 20 30308
18 16 31265
19 12 54722
13 13 92373
20 17 83016
15 18 81801
12 11 77354
19 13 85182
15 13 93183
14 13 74886
15 20 59859
15 13 74000
18 11 76308
19 12 89506
12 14 7013
12 13 6313
14 18 16430
20 14 17990
17 20 13115
18 16 79048
13 15 22161
14 16 61519
19 16 16769
15 16 29284
17 14 10045
14 18 55626
20 13 96681
19 20 81014
15 15 93431
18 18 72165
19 18 26932
14 13 12444
15 12 69197
12 15 45085
20 18 4060
15 17 51375
18 18 93210
18 11 77621
14 12 86458
13 12 8677
14 18 18302
17 18 8131
18 13 49255
20 19 21647
14 16 35845
20 20 40807
18 20 54764
13 20 271
12 14 13650
17 20 85879
15 11 69955
20 20 49946
20 12 58963
17 14 1688
19 12 28142
14 19 84178
13 19 55745
13 20 88103
14 19 32142
14 15 40086
12 20 30180
13 19 47301
16 13 30670
11 12 68218
19 19 87555
16 20 3789
11 20 68547
17 17 86278
16 14 37166
20 12 60780
18 14 14561
11 13 63777
18 19 79813
14 19 64719
19 12 8369
17 16 41461
16 13 74745
15 19 53693
17 18 39860
12 13 85540
16 12 29570
12 15 78887
18 15 80681
18 13 32324
18 17 67680
15 12 10984
14 18 28415
13 13 93807
14 15 23147
16 15 75532
12 13 98945
15 18 69055
12 20 92843
17 18 2812
11 12 12044
12 16 39944
11 13 39679
17 18 28615
15 14 59063
12 16 22875
18 20 89419
13 14 42594
14 11 19819
14 12 508
18 12 96405
13 12 50494
11 15 8376
17 14 69397
18 20 70834
12 11 95533
20 11 74391
16 12 10596
15 14 61891
11 16 72638
15 14 68041
16 15 20852
19 15 77057
18 18 66944
13 16 92273
17 14 31974
17 13 88344
18 16 55136
19 12 16206
18 15 95249
17 18 30976
14 18 24668
12 14 8009
17 19 16513
11 15 39205
18 15 91835
11 17 64399
16 18 95488
11 20 87492
14 19 34866
12 17 67148
15 18 50502
16 13 13171
11 20 2877
20 17 84568
17 16 96491
11 15 89024
18 16 15504
17 18 57941
15 19 90361
17 13 90842
13 20 31438
19 12 69170
14 20 63401
19 19 66084
14 14 36803
20 20 76691
13 13 25325
14 13 55151
15 14 86482
15 19 31755
15 14 48879
20 14 46600
20 18 22981
19 15 46673
20 18 27625
14 20 61743
17 11 98301
14 11 80458
19 17 42562
11 13 62656
15 15 34552
18 16 35541
20 13 75731
16 17 60494
11 20 78657
17 15 21804
16 17 70717
20 14 68324
18 16 35508
20 15 41161
11 14 61185
18 20 94326
17 12 2319
18 11 77286
18 17 69148
14 14 7257
11 14 74656
16 18 40765
14 20 14587
19 12 26493
14 13 51782
15 11 20093
11 20 77396
16 17 93715
15 17 35425
17 14 23374
12 14 11273
16 12 72517
14 11 91983
20 17 64450
12 13 27283
18 12 95697
14 15 33429
15 19 50401
19 11 42235
18 14 37938
15 15 66790
14 13 64960
16 13 23842
12 19 33853
12 15 66095
16 13 14347
11 13 60825
12 18 88046
15 11 34078
13 12 8394
16 15 41683
13 18 34841
18 19 43629
20 17 90531
19 15 40796
18 11 790
11 13 81181
18 20 5333
16 17 84845
14 20 2811
12 15 55652
20 19 1758
16 17 6222
18 14 79000
17 15 87517
14 11 14098
19 18 83174
15 19 97674
15 18 52765
15 14 40857
20 17 18851
19 14 23127
19 15 26183
15 11 54377
20 14 23280
13 18 33849
15 15 47375
20 18 21011
14 17 33425
13 16 90651
15 20 21323
11 17 92983
15 16 37115
17 11 38130
11 16 63048
17 15 48795
11 20 56525
13 14 93345
13 14 3050
19 17 9156
20 17 96222
15 15 30377
12 13 86711
15 13 39847
18 20 69491
15 15 8548
15 16 26744
11 11 71832
13 19 84704
19 14 15682
16 17 2984
13 15 22093
12 14 948
14 12 5639
11 13 48496
12 16 86310
13 11 48949
11 20 1682
17 14 14939
13 20 96456
20 20 59496
18 15 13869
11 16 73515
11 15 92725
14 19 47176
14 11 79708
15 19 80603
12 15 49952
18 15 62118
16 20 82732
18 14 19282
20 18 23754
17 18 46831
18 14 33418
17 20 19467
13 17 41118
18 15 18832
19 16 11043
20 20 60256
11 11 53990
18 12 42893
17 14 63611
18 15 68335
16 11 2672
19 17 59152
15 11 45889
12 14 45929
13 12 98380
14 11 95124
12 35 47180
19 49 51872
14 27 10902
18 48 39789
12 19 47093
15 30 7326
15 44 79058
11 35 15835
16 19 66920
16 19 67247
14 20 71594
11 30 96637
14 17 96369
16 29 11343
14 15 209
20 39 83254
15 35 1944
11 21 25921
20 38 19464
19 14 13130
12 37 13081
12 26 20581
12 37 27177
19 49 97299
13 35 49300
13 43 98440
17 31 30831
14 26 36111
15 39 38373
12 32 29862
17 48 29999
16 39 63476
13 50 75503
14 34 79710
13 23 64786
12 46 69619
15 42 73529
15 22 38109
16 50 80284
14 34 52354
16 11 54133
18 16 4725
12 20 57043
17 25 46868
19 21 30074
19 13 76565
13 20 57561
11 11 84032
17 43 28432
17 19 89285
18 25 38784
13 32 27215
12 47 4868
12 50 62018
17 35 80626
14 29 37619
12 34 98904
20 25 95720
20 26 80505
15 30 18134
12 24 80208
13 18 75023
12 21 63891
18 25 85699
13 43 35910
14 31 23614
12 48 60870
11 50 22190
19 46 48920
15 12 63124
14 37 98728
11 47 53811
20 28 17268
14 42 25528
17 30 60550
18 36 9012
13 14 64460
11 45 69076
14 37 59824
12 17 4915
19 46 90848
12 20 47720
20 36 81078
19 50 12262
14 34 16014
14 30 84072
20 41 36519
17 49 48870
13 18 62173
18 34 95869
19 50 88694
13 44 51611
17 23 28590
16 17 25959
15 33 89162
14 13 76902
20 15 7012
19 25 25799
18 20 83190
11 38 79712
22 23 49680
29 22 52290
21 25 44066
24 24 30453
24 24 42263
23 22 17333
24 21 52723
30 26 59199
23 27 9536
30 27 86578
26 26 61475
23 26 91555
27 27 55929
24 29 59996
29 24 10679
24 23 38794
28 25 97185
23 21 82187
28 23 59023
29 25 87856
29 26 57620
24 21 7663
23 23 41097
26 26 33996
26 24 29348
26 29 9932
26 23 75580
21 21 58612
26 22 19218
23 21 47944
30 24 72855
25 24 4177
25 21 63971
25 26 19964
23 24 75383
30 23 6831
25 23 33322
24 29 60810
22 21 82973
27 27 15293
30 30 64174
26 22 73657
29 22 68353
21 23 52174
25 22 77116
24 22 32225
28 23 75989
25 21 60607
27 28 18593
25 30 43184
24 25 19138
28 28 25270
21 29 48860
28 22 21984
21 28 46398
25 30 62485
29 26 56802
28 26 8067
30 21 39806
28 21 38987
30 30 28163
28 22 27554
25 30 31579
24 23 3282
25 27 23480
30 26 3006
30 21 86107
27 23 97210
24 26 36204
21 30 10715
26 22 87625
24 24 58393
26 26 99992
22 29 96278
24 22 2228
24 29 26675
26 30 97100
23 26 78787
30 25 45500
26 21 29509
21 30 87068
27 30 3006
23 21 83963
27 25 42399
30 25 26558
21 27 37269
23 25 29954
22 21 1110
28 24 87237
29 26 62596
23 29 55216
22 30 82259
23 25 99011
25 26 55647
25 21 48601
30 26 68262
27 25 50699
25 26 34633
30 24 77769
25 26 71261
30 30 69393
27 26 13203
22 25 83595
22 23 8751
21 27 73299
22 24 92544
22 28 39223
30 30 1056
27 24 50734
26 30 16604
29 23 43323
26 27 97614
28 27 60284
28 27 19309
28 26 89043
21 30 35240
28 27 73740
28 27 6064
27 28 56535
21 22 87091
30 21 94503
27 23 34534
30 23 17628
30 30 75984
29 26 79537
21 26 91894
30 25 16332
25 25 75
26 22 72735
23 26 7168
23 30 98325
28 27 52550
24 23 21746
22 22 88221
22 27 6434
28 21 10084
24 30 98803
23 22 33174
25 27 37312
22 29 17239
22 26 79060
29 28 35675
25 28 67160
24 27 5810
26 21 47160
22 23 82437
30 25 1268
30 27 59301
21 23 4501
24 24 29849
22 21 83523
28 21 63291
30 25 35608
22 25 44220
25 26 17755
30 30 72382
27 23 62522
22 29 97323
26 23 2875
30 29 73755
29 22 70824
21 25 25455
24 21 68238
21 26 36025
28 24 30128
26 24 86045
29 25 14528
26 22 179
26 22 55375
22 24 81167
28 27 18650
28 23 96800
30 24 63194
29 27 61875
30 25 48753
22 23 60615
22 25 69875
27 24 81337
28 23 57441
25 22 59586
30 21 54139
22 21 28085
21 26 77605
28 29 61323
22 21 68973
23 28 43482
28 24 36026
30 21 24568
21 27 32141
27 29 9605
30 24 24974
22 24 27765
26 25 54837
27 30 85275
25 29 31549
24 27 30488
29 21 82055
21 30 68827
23 28 18294
23 27 6499
27 27 16805
22 22 76475
22 25 76894
30 23 89699
27 28 83219
23 30 44746
21 29 39332
27 29 36029
28 26 50872
24 21 94482
21 27 27857
22 29 25569
22 24 94295
24 27 32251
28 30 56480
29 23 9654
24 27 97699
23 29 12810
23 27 62407
28 23 47782
23 28 35351
29 21 43350
21 25 45959
29 24 78357
30 27 62797
23 23 76771
24 24 31949
25 26 26083
21 26 43326
30 25 17137
30 23 34381
30 29 66789
26 30 7569
24 30 45665
24 24 9529
21 28 48013
22 22 2063
21 29 70288
23 25 20066
22 25 392
26 26 24879
23 22 5786
28 27 4877
27 28 71180
30 21 73084
29 29 4891
26 29 55548
30 24 66710
25 24 37828
24 30 83520
22 28 41231
22 21 5618
21 22 78278
27 26 15397
30 21 98699
25 30 58925
30 24 85388
22 22 12859
28 24 13860
23 28 86771
30 25 10659
26 29 61504
21 21 64872
25 30 74683
26 30 83587
29 29 36595
22 23 75192
29 30 24663
27 22 74392
30 27 98756
29 28 37510
28 29 68240
30 21 75915
25 28 45522
21 30 16498
26 26 39785
29 22 80239
29 26 83658
25 30 19620
24 23 78980
26 25 11601
23 21 84924
21 28 41021
26 30 21258
23 29 47600
30 22 95113
21 26 33548
21 29 84358
25 24 15465
30 22 82649
21 23 48500
22 23 67816
23 29 89331
24 28 38964
23 29 1477
30 23 50306
21 21 37990
23 25 78073
30 28 75994
22 27 97149
27 23 80496
23 23 27448
25 21 64058
30 24 77158
27 25 99302
30 30 56243
27 22 64931
30 30 34163
22 30 37240
27 26 50353
30 26 19609
24 24 64127
25 23 65724
24 23 16496
26 27 49308
30 23 13700
23 26 56938
25 21 79678
26 22 91300
23 25 40400
25 27 22571
26 25 29863
30 29 84966
29 28 58259
21 23 95814
21 29 74595
23 23 54738
30 27 35881
24 26 31874
26 26 64532
29 29 64847
21 30 16273
22 26 85174
28 29 78502
25 27 83387
21 30 89636
21 24 88679
22 22 83694
21 26 90175
21 22 71489
26 28 12457
30 26 24971
25 23 94235
30 26 19087
25 24 14626
30 26 45044
27 28 92466
24 25 58988
26 25 18241
24 21 94386
21 23 1131
27 22 98004
29 28 52445
29 25 56252
27 30 26303
28 23 48403
30 27 85408
22 25 88070
21 23 8225
26 21 16335
28 27 50067
23 28 65695
25 22 77788
25 28 79879
26 29 21621
29 23 11689
23 22 911
27 26 19926
21 26 48013
24 30 92737
24 22 58590
28 28 63315
30 26 61284
29 28 84743
29 30 16717
29 29 53178
29 24 8726
26 22 26872
23 28 80525
27 24 76443
23 25 38172
21 22 17931
25 21 3553
24 22 52686
24 22 51533
23 29 50016
22 28 30580
27 22 22293
28 22 4885
29 23 25189
26 27 97737
24 25 64905
22 24 81892
26 27 61242
29 28 91301
28 22 31575
22 30 315
26 26 62202
25 25 79228
22 25 85899
29 23 68978
21 26 71884
28 25 20547
30 40 57014
26 28 5948
29 43 46207
27 33 90540
26 38 22610
28 38 39896
29 44 3444
22 29 1018
30 24 88881
30 32 89274
25 40 85574
24 36 75195
23 38 11499
27 24 90264
22 22 13741
23 33 95860
28 26 55867
21 32 84470
24 45 56521
24 29 7331
30 50 85895
23 40 47635
29 41 51700
23 22 83431
22 36 31289
23 32 9374
25 38 31571
28 30 11468
27 29 83351
30 44 13914
22 31 1745
29 28 42245
22 46 69300
22 47 71855
21 48 23477
22 30 56076
27 47 55110
30 35 52951
24 27 49514
29 23 94821
25 42 26856
25 35 69898
22 35 63447
29 37 9933
25 44 583
22 40 3144
25 48 72589
25 26 76528
23 36 10689
21 24 16710
23 40 4365
27 24 23463
25 32 26820
22 39 15033
29 37 56214
29 32 29434
23 46 49285
28 36 90816
26 25 49016
25 23 35089
23 49 32983
30 44 13902
29 28 34020
21 32 21154
30 47 89849
22 22 11155
25 35 3306
24 42 2580
21 41 19815
22 30 87369
23 25 53745
28 29 88698
23 40 20284
24 44 37177
30 21 54487
21 23 59398
22 43 24121
23 35 97991
27 36 67959
27 33 7317
24 41 16161
30 37 93944
25 50 74379
23 43 96046
30 37 78232
23 24 20859
30 46 49787
21 22 84351
23 47 12691
21 40 22226
21 35 47591
23 48 66414
24 42 94482
26 32 6196
21 21 33629
23 40 78080
28 45 1700
33 32 83025
36 38 24271
35 33 90678
32 40 19130
39 32 34052
38 40 96318
31 37 74537
34 38 80885
34 40 39021
35 36 14994
37 36 68695
40 40 10532
34 40 20146
31 37 50155
40 36 32738
32 38 44583
36 33 66545
40 33 1014
31 38 34014
34 32 91503
33 36 45396
37 35 86104
40 34 79286
32 38 17774
39 40 84078
31 40 13826
38 32 39597
39 38 80761
32 37 28742
32 39 89297
35 31 21898
36 34 27473
31 32 89517
33 37 79782
34 40 75428
32 34 36979
34 31 71730
36 31 36808
38 32 89686
34 34 2306
39 31 66055
33 40 58374
38 34 44064
36 32 25116
34 38 28390
38 39 69242
33 40 6821
36 31 33225
37 31 22600
33 39 1336
36 36 53016
32 33 27280
36 32 25854
38 36 69658
35 34 77391
35 38 18411
36 38 7389
36 32 61836
40 31 18926
39 38 33680
34 36 86884
34 38 91619
39 38 88853
36 34 40410
36 40 58466
40 33 8076
32 39 3422
31 37 74209
33 36 30479
32 38 3165
33 37 66535
37 40 48547
34 35 79720
31 40 20592
32 32 25604
33 36 76199
35 39 51744
38 36 38503
32 36 36578
34 34 44667
32 36 56118
34 40 77541
34 38 21057
32 35 58910
39 38 7174
35 31 74223
38 35 79758
33 35 95248
35 36 46842
34 38 57285
35 37 42333
40 34 281
32 31 56549
38 38 71826
37 34 83608
34 36 17937
32 37 19975
36 32 12560
31 40 20819
35 38 36510
33 35 37585
33 32 53357
32 31 25252
39 31 15552
38 33 17421
34 34 95533
35 33 34899
36 36 79990
37 35 74536
33 31 1954
32 40 42386
40 33 55594
38 38 63727
32 37 38036
39 36 54349
35 40 66163
40 33 46910
33 35 4100
40 35 74820
38 35 18327
33 34 57481
31 36 16286
33 31 55886
39 34 64831
33 38 69461
34 39 75379
38 38 84003
35 37 61460
33 32 8953
35 36 54374
31 37 29779
31 35 16476
31 36 59652
40 33 36525
35 35 82956
35 37 74486
37 38 12655
37 40 45828
34 36 22454
37 40 79125
34 32 93731
31 38 31574
31 33 34034
35 34 20720
36 39 68498
34 39 97550
33 34 85018
37 36 96329
33 34 77626
39 34 4905
33 36 96935
38 31 90090
31 36 90200
40 36 25410
39 34 22614
37 32 21772
37 40 83797
36 32 78973
38 35 34387
33 39 10718
31 33 64632
37 31 55815
39 36 64536
36 35 61087
37 37 30242
33 32 99524
34 38 7922
35 35 92345
36 40 50776
36 31 12528
34 34 28
32 38 16406
32 33 2815
34 33 40100
38 36 21171
33 34 99648
31 34 31953
32 38 93049
32 38 49676
37 33 44199
39 39 47040
36 40 82618
36 40 93094
40 39 78486
38 38 60001
35 36 63849
35 37 67330
31 37 61945
32 37 80573
32 32 15833
37 33 68573
31 35 83137
31 33 55078
31 40 28750
33 33 92472
39 36 64190
32 31 2509
36 34 18467
39 33 98780
34 40 77557
40 38 49755
36 40 49763
35 36 97949
38 32 33525
33 33 682
35 35 18816
38 36 48757
40 40 8719
38 38 91079
32 32 24659
35 40 2993
39 31 57045
37 31 83152
36 39 47621
32 39 14614
32 40 75076
36 32 39264
35 36 50589
35 32 46460
39 33 83828
34 40 85032
36 38 26004
31 40 57777
32 36 38192
32 37 26701
34 32 28038
39 34 40193
35 31 83979
35 36 26836
33 39 55268
35 38 88708
39 38 50592
36 31 65942
33 32 84415
38 39 47445
38 39 94799
37 37 25520
38 33 352
39 35 57507
37 37 97875
36 34 20337
35 35 21577
39 37 56279
37 34 64602
32 40 84387
35 35 83744
35 33 33837
37 37 78137
34 37 76001
31 35 16578
32 31 42866
38 32 29757
36 34 13030
32 35 31645
31 36 83578
38 35 66753
32 36 78770
37 32 29947
36 33 44600
31 39 85474
33 33 53473
35 32 39183
35 33 74639
35 39 39563
35 35 24828
38 34 787
34 40 87964
39 34 35895
40 32 13698
36 33 46470
38 33 69346
32 35 52509
34 35 18679
40 37 32994
38 35 41048
35 31 34046
36 40 34729
34 36 42307
39 31 85834
33 39 771
36 35 37123
33 35 1889
31 39 85665
31 35 47167
39 39 42423
38 36 37323
40 33 35859
36 31 5449
33 40 62919
39 36 35571
33 38 28969
31 33 8002
39 35 60171
40 32 73356
31 35 71456
40 37 834
40 36 76808
40 36 50268
34 37 99502
33 32 37570
34 36 83657
38 38 60863
33 40 97855
36 40 20321
34 34 21554
32 37 44011
38 34 97600
34 34 49977
36 37 43857
39 40 61162
36 38 35100
31 39 4006
36 32 76698
39 35 77894
38 37 95060
33 31 74814
31 31 9453
38 40 55303
32 34 35762
33 40 76018
37 40 7666
38 35 99246
35 34 4016
35 40 57680
32 38 4823
33 34 66359
33 36 91191
34 32 64626
34 37 77939
35 34 86002
36 37 59925
32 32 24389
36 40 44788
37 40 26943
40 35 83723
36 34 63176
33 32 37923
36 36 16558
36 40 88592
36 38 19398
38 40 12284
37 32 8738
38 32 67256
32 40 54906
35 39 29214
37 31 94426
39 36 52161
35 31 54010
34 34 30137
40 31 55844
35 39 83632
35 35 49664
32 34 67918
34 38 81975
34 33 93982
35 32 24893
40 32 3097
39 31 88738
37 40 47227
37 37 5619
40 35 95707
37 33 22557
37 35 27292
34 33 88466
34 35 31327
33 37 70640
34 34 55191
31 36 33959
36 35 12270
36 39 55311
36 32 37614
40 38 1695
38 34 21493
38 33 53083
35 34 5746
37 39 9671
33 34 27843
36 34 51953
33 37 93809
35 40 64851
32 33 46649
40 38 42492
32 36 31972
36 34 36415
40 31 99488
40 34 29838
35 35 87699
39 32 26775
40 38 31074
40 37 54554
36 35 83494
38 40 38563
40 38 39784
39 31 20590
38 38 47182
38 38 38190
35 36 61237
32 38 48188
37 32 13506
36 32 78427
36 42 83957
32 50 86391
40 48 63620
37 45 80531
31 48 81068
36 46 21748
34 45 1240
31 49 36765
34 31 87451
37 40 27148
39 49 24846
39 36 99474
35 46 77699
32 41 98294
32 47 74689
31 46 48518
37 32 41311
33 31 38878
32 32 23550
33 41 3094
39 33 71954
31 33 80403
35 47 80267
35 43 62068
36 44 97739
38 34 55530
32 46 59267
31 41 22828
36 43 2512
36 43 74935
38 48 66114
39 42 28649
31 38 88167
33 42 57682
39 45 49077
32 40 94578
32 43 27960
38 49 65115
35 43 66707
38 38 61825
31 46 60859
38 38 88263
40 32 21441
36 43 30684
39 34 76889
32 37 38757
35 50 9208
35 42 21956
38 47 43509
38 34 93274
40 39 35059
32 42 16897
37 50 22992
32 42 41483
32 40 44812
31 45 25676
33 43 30834
33 36 87514
38 31 22709
32 48 34351
34 36 85163
40 32 54946
33 49 5095
36 32 80361
35 32 97178
39 44 45300
37 41 60101
39 46 6534
35 42 52593
31 49 57
36 35 83360
32 42 43607
32 50 34104
35 50 16190
38 32 59721
36 38 71265
35 34 34867
36 35 65205
32 33 40989
32 36 7696
31 46 12995
31 43 65707
31 35 89680
40 43 77662
40 46 37066
34 47 59476
40 41 38785
36 33 9077
32 33 72652
32 42 41060
32 38 17561
38 42 8117
34 37 59859
40 41 90882
31 41 93323
39 42 62830
40 47 31888
38 48 61868
36 35 79267
34 41 25270
46 44 15882
43 42 58483
49 47 59638
41 44 58296
44 46 35806
43 46 79081
41 43 34099
44 47 35882
44 46 23656
48 42 40810
48 45 98400
50 49 23446
42 45 98110
44 43 31025
50 44 8975
50 50 62790
49 50 97256
48 48 22868
41 50 67537
43 48 77456
42 41 62213
43 43 79766
45 50 97879
42 43 14548
44 45 25794
49 48 2269
42 50 83532
46 42 59982
50 49 91299
49 42 15158
41 50 24492
50 47 13422
45 47 41369
43 41 9268
48 50 55696
49 44 17853
47 41 55939
49 46 78337
45 45 88789
41 46 6827
48 49 41899
43 48 26448
46 46 91928
42 46 59826
41 50 84974
42 47 66277
48 46 9984
46 41 43039
47 44 26602
42 41 82335
49 49 49461
48 42 59012
44 50 45269
49 45 96796
49 49 8804
44 50 34213
49 47 82801
42 44 48244
48 48 25503
50 41 38498
50 41 1486
48 41 75809
48 48 36477
50 42 54754
47 41 87731
48 48 92649
48 44 7700
48 46 731
46 42 32085
42 46 33641
44 44 82897
49 42 48097
41 44 14009
43 45 72373
46 49 29336
41 42 86211
43 46 2687
44 48 22175
44 50 21350
46 46 39943
43 43 52442
44 48 64908
46 47 99206
46 47 72020
45 42 22999
49 45 89651
50 43 72255
41 49 80984
44 49 90856
48 47 71132
44 46 1069
47 47 45762
44 43 38455
41 41 74902
48 49 93312
48 45 67180
45 42 12599
44 47 42763
42 47 82611
48 49 15437
49 41 32756
47 49 87822
46 50 28511
42 47 10624
46 48 3404
47 43 13802
47 49 78839
49 43 40811
41 48 42477
41 50 67876
45 42 73390
42 48 59049
46 48 80284
47 45 40293
45 43 39822
44 49 96819
44 47 9905
44 45 37433
45 50 38995
44 49 87019
50 47 81116
47 43 77692
46 50 57714
44 50 4553
41 43 25301
42 47 91731
50 42 21937
46 45 6851
43 48 78606
42 50 50119
44 41 12964
50 49 90390
49 41 34729
43 46 92263
50 41 12994
45 50 72323
48 44 7293
47 43 90827
41 46 84649
42 43 58779
44 41 14653
47 44 55385
44 42 1653
41 45 73199
49 49 17268
43 45 58154
45 46 94845
44 47 89276
42 44 39448
50 44 52943
50 48 59036
45 46 43637
44 42 93281
47 44 56271
44 49 81957
41 41 93329
41 47 93018
47 43 66710
47 50 6622
45 46 32508
47 47 2906
50 50 15010
49 48 22935
42 50 91400
46 50 681
41 48 63445
44 43 3183
43 46 8691
48 49 62436
49 46 8092
49 41 49295
46 46 95936
47 48 82491
43 44 82348
50 42 7366
43 49 99374
46 49 34186
46 45 14023
41 45 26863
42 43 10768
45 42 54180
45 43 51725
44 42 98340
45 48 84420
47 42 93860
50 45 48974
46 49 94170
49 46 82458
48 43 26885
42 49 76663
50 41 61915
45 45 94840
45 45 31678
43 47 25938
48 44 79422
43 47 64154
46 43 81826
48 42 64489
45 41 74586
41 41 88422
41 42 75904
45 49 19457
41 42 40952
43 48 77504
44 49 21119
50 41 79839
49 49 42889
45 45 557
44 50 52485
49 41 40222
43 50 1098
50 44 83162
41 50 20888
45 47 46112
47 47 80515
49 44 93319
41 50 19430
43 43 48832
47 46 68410
49 48 95447
46 47 37853
42 41 35116
49 47 30597
50 42 50836
46 47 39643
43 47 63026
49 41 68113
44 46 1693
43 46 45555
42 47 11697
42 42 65589
43 50 94002
42 41 80846
47 50 37665
48 45 25760
41 46 71834
50 43 1407
41 41 25162
47 46 22157
43 46 12585
43 43 56287
48 41 21780
46 48 73977
49 50 68792
42 42 70726
41 43 64266
50 44 53517
50 45 37763
45 44 44899
46 44 21968
47 50 77234
49 48 95177
43 42 58931
42 49 17594
45 43 6624
42 46 3145
46 45 54576
48 43 26438
50 44 94566
47 41 36891
50 47 28070
47 50 6102
47 42 56644
41 43 67324
46 42 17243
47 43 69010
43 41 25155
47 42 89143
47 45 98851
44 48 79636
43 46 56136
42 49 96006
49 45 29395
45 43 37353
46 48 6706
44 45 75443
44 41 64351
45 43 94222
41 47 81351
47 45 26757
42 45 76765
48 48 54766
41 50 61534
49 42 95129
43 49 66573
46 45 11913
48 41 83080
50 47 64428
49 50 6812
41 44 89799
49 46 10279
50 46 59941
42 47 12019
48 49 90001
47 43 74478
42 47 80288
42 42 37678
47 42 73008
42 44 98185
49 46 5234
49 43 27460
50 48 51393
48 43 13268
45 43 12934
47 44 17308
44 41 25137
50 43 3844
43 41 86334
45 45 82064
46 42 52929
41 49 60763
46 41 93997
41 43 71383
46 43 26039
48 41 25350
49 41 95615
50 46 27066
45 47 93468
46 48 25128
44 44 46715
41 47 3765
45 41 78611
46 43 63767
44 42 60829
42 46 29138
50 48 28509
49 47 21288
42 41 30408
50 45 38092
43 47 47062
49 45 48842
44 48 10236
45 49 98644
48 50 83169
47 49 4921
44 48 28904
42 46 14230
47 44 73793
50 41 76878
49 43 15089
45 48 38943
50 42 80298
42 41 62949
45 48 5967
49 42 78222
42 46 4196
45 48 55703
44 41 45011
44 48 67914
50 49 25533
45 49 67956
43 43 75761
46 42 29434
45 43 73668
50 45 76634
41 47 96817
41 48 87882
44 50 16091
46 45 28939
48 44 61416
45 50 13548
46 47 36130
49 43 58381
50 48 82331
50 42 5100
49 41 65097
46 45 95839
47 45 39729
48 50 75084
49 44 38358
48 48 32799
48 47 85730
47 49 24980
47 48 58239
49 43 246
43 41 95049
48 50 8128
43 45 69414
44 50 67415
45 47 25987
49 48 74229
48 50 84549
44 42 39725
46 49 30398
45 49 68918
47 45 39482
46 41 44648
45 45 84927
44 44 26066
45 46 8113
46 50 38166
48 46 8870
43 46 38990
49 46 67397
44 45 42647
42 48 86482
47 43 29698
46 43 72501
42 43 39591
43 46 23351
47 46 89402
46 43 83173
49 49 37647
48 48 24756
49 46 11288
42 49 17628
44 43 85492
44 42 6997
48 48 66733
48 42 945
50 42 83482
41 49 6898
42 46 38861
42 49 99007
47 50 19416
42 49 23090
43 48 79132
41 41 70757
47 48 42841
41 45 79391
44 47 98166
42 48 39583
45 44 70131
44 43 16705
42 46 97585
48 45 18225
41 41 55584
44 44 63433
50 41 92862
42 41 37196
48 48 78538
47 46 34403
48 49 77197
41 47 26721
47 46 96492
47 42 8317
43 46 76397
42 43 2184
49 43 14258
50 43 33706
47 50 44784
42 49 3103
49 50 19115
45 47 13409
50 44 52107
48 45 35605
43 42 31983
44 44 17564
41 46 11476
44 43 68435
47 45 24618
47 43 75116
48 42 98311
47 42 32460
46 50 52816
50 45 93836
50 49 10308
45 43 73709
45 50 55634
49 41 58862
50 46 18414
43 41 9913
48 50 70628
49 45 59755
43 42 58826
48 43 40570
47 46 15106
42 44 96061
43 41 16000
46 49 60520
49 50 83398
41 43 11404
43 46 46677
41 44 27037
43 42 10139
45 44 6084
46 48 94929
43 47 30443
50 45 49566
43 50 78191
41 45 48212
42 48 18226
41 45 20842
42 44 43241
47 48 84441
50 42 22682
44 49 69377
49 41 82318
41 44 60081
46 48 42071
42 46 94183
48 48 68744
47 45 89246
49 43 25289
45 49 91230
41 41 23253
48 48 63829
50 49 10050
50 49 62830
44 50 47687
863584723
