50 2500
1 1 52133
2 2 77916
1 2 33238
1 2 90345
2 2 54419
2 1 2247
1 2 84726
2 1 27174
1 1 65176
2 1 62519
1 1 32488
2 1 35355
1 2 23626
2 2 30048
2 1 6527
2 2 23288
1 1 55792
1 2 7565
1 1 17559
1 2 13426
2 2 53519
2 1 64782
1 2 74687
1 2 39416
2 1 36221
2 2 1280
2 1 66737
1 1 13333
1 1 11280
1 2 94057
1 1 24616
2 2 10435
1 1 19807
1 2 91477
2 1 51232
2 2 34199
2 2 47156
1 1 66628
2 1 46688
1 2 36621
2 2 92141
2 1 41248
2 1 69391
2 1 77825
1 1 25313
1 2 36384
1 1 58637
1 2 15003
1 1 24969
2 1 97865
2 2 921
2 1 13514
1 2 59749
2 2 83411
1 1 50877
2 1 72708
2 2 88698
2 2 83878
2 1 18209
1 1 55606
1 2 73629
1 1 83622
2 2 4358
1 1 5012
1 2 44398
1 2 44397
1 1 16875
2 1 18994
1 1 25397
2 2 23436
2 2 5586
2 1 45857
1 2 21113
1 2 9542
1 1 52644
2 41 90205
1 36 82332
2 42 8382
2 37 57406
2 5 90586
2 25 96665
2 34 20697
2 26 81294
1 37 17028
2 40 18772
1 13 11493
2 5 46373
1 23 52139
1 13 73065
2 43 90381
2 36 83658
2 20 39258
2 46 54008
1 3 14050
1 7 51122
2 40 91574
2 34 16979
2 14 49490
2 25 59907
2 14 71953
3 4 71073
3 3 6008
4 3 84262
3 4 58739
4 4 85087
4 3 43802
3 3 20708
4 4 74408
3 4 81390
3 4 45627
3 4 4157
4 3 3282
3 3 60005
4 3 30932
4 3 74742
3 3 11264
3 3 41654
3 3 87102
3 4 21547
4 4 48936
4 4 70973
4 3 60051
4 4 44548
4 4 32726
3 3 32828
4 3 36032
3 4 97016
4 3 30163
4 4 68350
3 4 27250
3 4 88986
4 4 3855
4 3 76971
4 3 75921
3 4 18005
4 4 69314
4 3 87350
3 4 15363
4 4 25941
3 3 94112
3 4 73539
3 3 72471
3 3 59961
4 4 10105
3 3 83037
3 4 63638
4 4 42126
3 3 26545
4 3 30639
3 3 25714
3 4 25151
3 3 19925
4 4 96016
3 3 35035
4 4 31906
3 4 36239
3 4 43965
4 3 830
4 3 43136
3 3 73080
4 4 64058
3 3 74532
3 3 11653
4 4 12635
3 3 1165
4 3 93518
4 4 41869
4 4 52086
3 4 19880
4 4 76780
4 4 81101
3 4 25327
4 3 14350
4 3 10784
3 3 23426
4 47 39968
4 22 3236
3 30 28185
3 44 41555
4 8 89288
4 14 3329
3 17 49422
4 20 53840
3 11 98857
4 38 84279
4 11 75521
4 5 97470
3 48 87770
4 5 93184
3 47 78352
4 4 17488
4 38 56516
3 4 65600
3 5 50222
3 33 52693
3 42 55401
4 20 92101
3 34 84218
3 24 45379
4 48 39300
6 6 88026
5 5 3671
5 6 95750
6 5 24887
6 5 18627
6 6 69660
5 5 62538
6 6 26135
5 6 88517
5 6 23287
6 5 92214
5 6 92298
6 6 78962
5 5 14214
6 5 77089
5 5 85334
6 6 60572
5 5 64422
6 6 99286
5 6 5488
5 5 90859
5 6 36360
5 6 83592
6 6 99893
6 5 91810
5 5 13155
6 5 61320
5 5 25495
6 6 27021
6 5 22607
6 6 41966
6 5 57647
5 5 57859
5 6 17633
6 5 22726
5 5 2577
6 5 89814
5 6 3660
6 6 21138
6 6 85740
5 5 23846
6 6 78173
5 6 93137
5 6 48683
5 5 2988
5 5 19204
6 5 97757
6 5 94591
6 6 91877
5 5 28021
6 6 90506
5 5 77047
5 6 46059
6 6 96574
6 6 70123
5 6 27857
5 6 19100
6 5 32504
5 6 67962
5 6 67880
5 6 18455
6 5 33563
6 5 55693
5 6 39864
6 5 55961
6 6 59294
6 6 55297
6 5 44162
5 5 45537
5 5 593
5 6 65515
5 6 46990
5 5 79272
6 6 97549
6 5 70949
6 28 54287
5 34 25274
5 11 73967
5 41 81338
5 13 80394
5 35 85326
5 22 22977
5 25 49813
6 16 27141
5 17 57500
6 8 55941
6 10 41346
6 16 84984
5 32 46176
5 41 58244
6 14 1846
6 47 17343
6 15 63035
5 12 21877
6 27 95750
5 15 3369
5 19 15622
5 45 20422
5 21 8063
6 12 7656
7 7 66516
8 8 26990
8 7 15713
7 7 60851
7 8 56697
7 8 15141
7 7 85690
7 7 88161
7 8 3345
8 8 71457
8 8 58602
7 7 65755
7 8 76146
7 7 18496
7 8 66558
8 7 76484
7 8 53755
8 8 87106
7 8 56812
7 8 89747
8 7 25486
8 7 66752
7 7 91819
8 7 82735
7 8 78601
8 7 30335
7 8 12280
8 8 28816
8 7 59479
7 8 34167
7 7 27480
8 8 21531
8 8 98258
7 8 84837
7 8 59480
8 7 67195
8 7 34648
7 7 27692
8 7 26766
7 8 65546
7 8 77670
8 8 46544
7 7 8930
7 8 6153
7 8 73932
7 8 70928
8 8 86791
7 8 38513
7 8 47857
8 7 65865
7 8 2071
7 7 25780
7 8 12908
7 7 29563
7 8 27318
8 7 66010
8 8 35356
7 8 46853
8 8 80229
8 7 60619
8 7 61578
7 7 40407
8 8 56862
7 7 27397
8 8 96090
7 8 27881
7 8 95415
8 8 95005
7 7 40696
8 7 31127
8 8 16364
7 7 77277
8 8 75152
7 8 93470
7 8 15674
8 41 42036
8 40 60475
7 14 15659
8 39 93304
7 23 58039
8 16 2742
7 15 22828
8 35 31821
8 21 2994
7 21 55930
7 30 6582
8 21 64726
7 22 93681
8 20 43716
7 22 32811
7 31 76241
8 46 59923
8 40 11551
7 36 48228
7 29 69680
7 28 22041
8 46 78822
8 18 72863
8 38 65907
7 8 60886
9 9 8655
9 10 21124
9 9 38819
10 10 81864
9 9 11612
9 10 45995
9 9 30601
9 9 24517
10 10 59468
9 10 74597
10 10 22753
10 9 17796
9 9 61225
9 9 46436
9 10 6903
10 10 17214
10 9 5610
10 10 85328
10 10 74173
10 9 50039
9 10 31410
9 9 87735
10 10 19512
10 9 13464
9 9 28710
10 10 82471
10 9 32616
10 9 63626
10 9 24748
9 10 54565
10 10 44650
9 10 79902
10 10 82009
10 10 8586
10 10 22305
10 10 32407
9 9 32006
10 10 76156
10 9 94983
9 10 20904
9 9 85852
9 10 48621
10 9 67014
10 10 90588
9 9 2280
9 10 38990
10 10 4788
9 9 64253
10 9 55203
10 10 47315
9 10 98564
10 10 61329
10 10 26206
9 9 20516
9 9 80435
9 9 2102
10 10 52521
10 9 61484
9 9 33567
10 10 20134
10 9 88106
9 10 52891
10 10 53291
9 9 27482
10 10 84375
9 9 18694
9 10 18019
9 9 95780
9 10 67906
9 10 50695
9 9 97158
9 9 31576
10 10 85150
10 9 78784
9 10 64357
10 21 37278
10 50 1697
10 42 97351
9 36 4634
9 32 61076
9 48 30589
10 44 42623
10 14 6338
9 24 83526
9 26 73259
9 31 21085
10 33 16099
10 11 80328
10 15 86590
9 35 63375
9 9 58261
10 27 35017
9 40 73749
9 14 28350
10 22 70956
9 48 19281
10 14 99370
9 38 43749
10 39 62881
10 49 56472
11 12 75893
12 11 8210
11 12 72662
11 11 40777
12 12 55009
11 11 47355
11 12 11517
12 11 32604
11 11 45708
12 12 62769
11 11 85109
11 11 73655
11 11 93458
12 11 30504
11 11 84220
11 12 57668
11 11 73494
11 11 27638
12 11 53512
12 11 85204
11 12 46099
12 12 61323
11 12 63775
11 11 16204
11 11 68308
12 11 17104
12 11 49502
11 11 63824
12 11 26264
12 11 95639
12 11 96600
11 12 54776
12 12 80306
11 12 12133
11 11 28774
11 12 35042
12 12 39536
11 11 59857
12 12 51798
12 11 25305
11 11 4235
12 11 88034
12 12 72379
12 12 27783
12 12 32922
12 11 15189
11 11 12751
12 11 55441
11 12 6206
11 11 91723
12 11 93363
11 11 95607
12 11 71779
11 11 40033
12 12 54198
11 12 33066
11 11 63969
11 11 36927
12 12 30273
12 12 42517
11 11 97252
11 11 61354
11 12 88765
11 11 17057
11 12 35935
11 12 10707
11 11 73972
11 12 27948
12 12 41933
11 12 90929
11 11 91960
11 11 11405
12 11 99164
12 11 9648
11 12 99290
12 12 27838
12 14 37718
11 18 39583
11 38 3960
11 19 37053
11 16 97962
11 49 22827
11 22 75772
12 15 16571
11 24 60571
12 33 7715
11 27 34356
11 12 74125
11 39 62214
12 33 81229
11 30 26160
12 46 1037
11 37 70465
11 26 15532
12 46 85455
12 42 93858
12 37 81716
11 24 57777
12 28 31661
11 33 74845
13 13 10882
14 13 61553
13 13 70877
13 13 53006
13 13 4264
14 14 6957
14 13 31007
13 14 85317
14 14 66751
13 14 95355
13 13 32128
14 13 3105
13 13 74516
14 14 14799
14 13 57983
13 13 52122
14 13 30411
13 14 31024
13 13 89968
13 13 56291
13 14 94244
14 13 27997
14 14 43619
14 14 7814
13 14 20761
14 14 47780
13 13 36556
13 14 49817
13 13 61157
13 14 7838
14 14 59941
13 13 15770
13 14 96902
14 13 82934
13 14 61960
14 13 35020
14 13 59534
14 13 44781
14 13 10102
14 14 5593
13 14 46834
14 14 55399
13 14 79229
14 13 74264
14 14 74385
13 14 9859
14 13 14432
13 13 49468
13 14 2001
14 13 20675
13 13 41639
14 14 5204
13 13 46916
13 14 29553
13 14 44712
14 13 13444
13 14 39809
14 14 22547
14 14 95460
14 13 68837
14 14 95886
14 14 11874
14 14 12536
13 13 42642
13 13 61230
13 13 31727
13 14 36622
14 13 22853
13 14 54472
13 13 76373
14 13 42606
14 13 64357
14 13 55589
13 13 86671
13 13 64615
14 34 96957
13 50 99345
14 27 86840
13 35 75792
14 47 61882
14 46 52007
14 46 91397
14 33 79409
13 29 60135
13 25 7229
14 43 96324
13 48 72924
14 27 78852
14 33 96139
14 22 3648
13 35 18790
13 34 14365
13 45 58852
14 28 27416
13 49 70425
13 50 6468
14 50 27661
14 39 66444
13 43 75129
13 36 12141
15 15 99829
15 15 9570
15 15 92692
15 15 3962
15 16 84525
16 15 20405
15 15 30466
16 15 47023
16 15 2839
16 16 57607
15 16 79234
15 16 78063
16 16 33216
16 15 1144
16 15 1818
16 16 90991
16 15 14385
16 16 59525
15 15 90655
16 15 84218
15 16 48027
16 16 647
16 15 93002
15 16 83769
16 16 27451
16 16 5373
16 15 42830
16 15 58859
16 16 44182
15 16 99459
16 16 78868
16 15 92448
15 15 3706
16 15 63674
16 15 18592
15 15 36922
15 15 7939
15 16 38086
16 15 45156
16 16 74655
15 16 35077
15 15 24454
16 15 48371
16 16 14565
16 16 67558
15 15 50550
15 16 41749
16 16 89155
16 15 85719
15 15 91963
15 15 55507
15 15 71624
15 15 58525
16 16 50548
15 16 80102
16 15 9760
15 16 23377
15 15 64185
16 16 6470
16 15 72187
15 16 54539
15 15 69849
15 16 77574
16 16 23397
16 15 74110
16 15 61268
16 16 31239
16 15 86624
16 16 60730
15 16 73522
16 15 76402
15 16 18200
15 15 59378
16 15 89958
15 15 4055
16 41 24863
15 47 18839
15 41 90046
16 22 52352
15 49 10437
16 48 99794
15 27 75899
15 41 73627
15 24 54646
15 43 22647
16 48 14170
16 34 66190
16 20 20759
15 37 51647
15 30 88321
16 20 68508
16 15 72200
16 29 77141
15 46 28706
16 30 35488
16 23 86042
15 19 31905
15 19 97354
16 40 57338
15 49 71578
18 18 26489
18 17 9630
17 17 99547
18 18 71015
17 17 62661
17 17 33318
17 18 2579
17 18 95155
18 18 94589
17 17 58494
17 17 63595
18 18 70907
17 17 84134
18 18 67080
17 18 13333
18 17 66711
18 17 51983
18 18 97029
18 18 14487
17 17 66164
17 18 83094
17 17 45621
17 17 36187
18 18 51521
18 17 96087
17 18 94121
17 18 96299
18 18 90687
17 17 39941
17 17 78919
18 18 14482
17 18 96026
17 18 58446
18 18 94919
17 18 94394
17 17 94917
18 18 61744
18 17 24455
17 17 828
18 17 20410
18 17 65111
18 17 39423
17 17 16773
18 18 95697
18 17 97835
17 18 25553
18 18 56523
18 17 48310
18 17 49528
18 17 25941
17 18 73949
18 18 49021
18 17 7721
17 18 95935
17 18 39899
17 18 26414
18 17 48814
18 17 3376
18 18 69438
17 17 60898
18 18 74684
17 17 96992
18 18 58245
18 18 11651
18 17 39274
18 17 1338
18 17 37995
17 18 76567
17 18 83424
18 17 79239
17 18 82877
17 18 28735
18 18 92009
17 18 32066
18 18 93687
17 35 25224
17 18 98434
18 33 51995
17 39 19380
18 35 39243
17 21 74926
17 45 62658
17 35 49138
17 17 10916
18 40 70361
18 48 35994
18 29 98563
17 23 8496
17 29 45218
17 45 64308
18 31 74581
17 24 53937
18 28 60156
17 46 30828
17 29 95208
18 41 40021
17 40 81132
17 50 93443
18 38 42519
18 50 43193
19 20 84587
19 20 179
19 20 8684
20 19 98821
20 19 32218
20 19 28583
20 19 61361
19 19 9099
19 19 74872
19 19 93067
19 20 88077
20 20 56539
20 20 59852
20 20 35897
20 20 19950
20 20 23780
19 20 55107
19 20 84457
20 19 24458
20 20 37547
19 20 62842
19 20 93602
20 19 32788
20 20 97783
19 20 59145
20 19 51450
19 20 4602
20 20 74773
19 20 48368
19 19 46162
20 19 16064
19 19 92008
20 20 76955
20 20 99564
20 20 98904
20 20 19240
20 19 4257
20 20 3653
20 20 47029
19 19 78796
20 20 77564
20 19 48054
20 20 42857
19 19 18725
19 20 5186
19 20 459
19 20 38068
20 20 28689
19 19 64841
19 19 97831
19 19 52840
20 20 68769
20 20 24980
19 19 23878
19 19 33949
20 19 47462
19 20 93854
20 19 87833
19 19 35200
19 19 23131
19 19 45219
20 20 80982
19 19 53734
19 20 13037
20 19 546
19 20 70726
20 19 72607
19 19 75819
19 20 75408
19 20 97105
20 20 23827
19 19 86899
19 20 22451
19 20 63767
19 20 96674
20 36 54281
20 26 83215
20 24 73655
19 34 93659
19 24 62764
20 38 80819
19 24 11996
20 48 56480
20 23 90463
20 23 18840
19 43 64405
20 39 12359
20 26 39594
20 37 84465
20 42 54701
19 42 28564
20 45 77571
20 40 27816
20 45 81360
19 24 39132
20 38 2497
19 48 81831
20 27 7413
19 23 20425
19 50 19990
22 21 48498
22 22 52111
22 22 10597
22 22 65506
22 21 65475
22 21 42346
21 22 76082
22 22 76386
22 22 94245
21 22 89120
22 21 1620
21 21 64347
22 21 21539
22 21 69680
22 21 71659
22 21 27154
21 21 60578
22 21 44711
21 21 9542
21 22 93849
22 22 29485
21 21 32042
21 22 91048
21 21 11298
22 22 64043
22 22 74463
21 22 57170
21 21 29904
22 22 78726
22 21 72994
21 21 45394
22 22 22582
22 21 56016
21 22 94207
21 21 98253
22 22 94243
22 21 82026
21 21 94211
21 21 69365
21 21 9059
22 21 56305
22 22 32938
21 21 30477
21 21 79664
21 22 85449
22 21 80141
21 21 88197
22 22 26236
22 21 23733
21 22 39274
21 21 46146
22 21 24016
21 21 49492
22 21 36951
21 21 97219
21 21 15377
21 21 63335
22 21 44199
22 22 1387
22 21 66929
21 22 63493
22 21 10995
21 22 97216
21 21 3408
21 22 94762
22 22 7820
22 21 9762
21 21 48275
21 22 80430
22 22 77042
22 21 53992
21 22 45926
21 21 31502
21 22 2869
21 22 91126
21 41 12936
21 46 59756
21 30 75500
21 40 16824
22 33 99341
21 40 31609
22 36 1052
21 27 31129
22 25 24879
22 39 46413
22 25 68931
21 29 35562
21 43 37604
22 49 13668
22 34 12781
21 42 44691
21 49 61391
22 21 75344
21 40 21901
21 22 16096
21 36 37332
21 29 99334
21 23 27360
21 21 69799
22 36 17091
23 23 92197
24 23 50143
23 24 30737
24 24 47137
24 23 54
24 24 30052
23 23 63460
23 24 65879
24 24 3326
24 24 20845
23 24 26099
23 23 79998
23 24 17099
23 24 97897
24 24 1540
24 23 69495
24 24 99221
23 24 31511
23 24 43922
23 24 95217
23 24 73636
24 23 79158
23 24 31761
23 23 23293
24 24 72991
24 23 78835
23 24 60217
23 23 45980
24 24 12871
23 23 76030
24 23 14008
24 24 27327
23 23 67478
24 23 14110
24 23 80886
24 23 72874
24 23 21019
24 23 87213
23 23 80941
24 23 15274
23 24 20288
24 24 95814
23 24 99221
23 23 22297
24 23 52128
23 23 58148
23 23 18205
23 24 70050
23 24 14410
23 24 15515
23 23 52648
23 24 82628
24 23 41126
24 23 26244
24 23 92147
24 24 19491
24 24 80922
24 23 71703
24 24 56462
24 24 94007
23 24 14055
23 23 98222
24 24 65250
24 24 30450
23 23 25267
23 23 91173
24 23 17273
23 23 12591
23 23 29498
24 23 21681
23 24 64527
24 24 44677
24 24 73568
24 23 22549
24 23 53907
24 33 52529
24 26 86446
23 49 93115
23 29 28569
23 39 79636
24 45 78496
24 31 27017
24 35 97390
23 50 288
23 45 2111
24 24 28823
23 41 15489
23 23 47810
23 50 94792
24 36 50148
23 44 84103
23 36 56983
24 47 61311
23 35 40073
24 41 75410
23 35 54201
24 31 94819
23 31 62828
24 25 12424
23 38 65194
25 25 96959
26 25 28695
26 26 14044
25 25 53974
25 26 71482
26 25 82311
26 25 61961
26 25 93712
25 25 30406
25 26 26154
25 26 92621
26 25 39945
26 25 42402
26 25 14064
25 25 6796
26 26 82770
25 25 9986
26 26 59515
26 26 23326
26 25 58019
26 25 65106
25 25 37422
26 26 57525
26 26 48329
25 26 99692
26 26 91406
25 25 10079
25 26 70377
25 26 76086
25 26 819
26 26 4946
26 26 47365
25 25 42458
25 25 627
26 25 43405
26 26 65567
25 26 80332
26 25 32884
26 25 41876
25 26 10302
25 25 35317
26 25 41038
26 25 93490
26 25 70197
25 25 27895
26 25 97732
25 25 37644
26 26 88894
25 25 8830
26 26 82997
26 25 37882
25 25 30581
25 26 13280
26 26 2919
26 25 56411
26 26 9816
25 26 79156
25 25 58835
25 26 73466
25 26 17062
25 25 28531
26 26 44054
25 25 31433
26 26 49168
25 25 66120
26 25 58842
26 25 87288
25 26 28772
25 25 25869
25 26 95041
25 25 32368
26 26 68154
26 25 95637
26 26 49267
26 26 85873
26 29 24779
25 43 60119
26 25 87741
26 26 29979
25 31 25215
25 28 7618
25 27 64705
25 48 54591
26 48 49681
26 27 49012
26 50 67605
25 41 67891
25 30 45662
25 40 20970
25 41 13027
25 39 97376
26 47 53492
26 27 11431
26 32 97288
26 31 58940
25 33 25923
26 41 20286
26 30 88864
26 29 71662
26 36 55902
28 28 77588
28 28 10773
27 28 28482
28 27 68294
27 28 85929
28 27 51442
27 28 28396
27 27 65593
27 28 11880
28 27 40333
27 28 73933
27 28 89484
27 28 39752
27 28 81413
28 27 63953
28 27 36425
27 27 25892
28 27 79113
27 28 13193
27 28 94208
28 28 15478
28 27 98817
28 28 69663
28 28 21861
27 28 59309
28 28 4199
27 28 56850
27 28 16972
28 27 90712
27 28 69241
27 27 24549
27 27 2510
27 27 6774
28 27 74216
27 27 12150
28 28 25082
28 27 79071
27 27 28214
27 28 95111
28 28 88319
27 27 96895
28 28 15947
27 28 99098
28 27 48655
28 27 20677
27 28 43653
27 27 26944
27 28 76312
27 28 94912
28 28 57812
27 27 51076
28 28 31610
28 27 38308
28 27 31211
27 28 78467
27 27 25989
27 28 94263
27 27 53560
27 28 96438
28 27 28250
27 27 86935
28 28 28407
27 27 55764
28 27 39481
27 28 87279
28 28 64544
27 27 42586
28 28 95030
28 28 49384
28 28 58378
27 27 32504
28 27 58596
27 28 30246
28 27 93923
28 28 8992
27 46 52489
28 39 72531
27 34 63947
27 49 80220
28 38 55530
28 46 80670
27 41 57917
27 33 70549
27 41 28999
28 29 97516
27 29 62714
28 32 78568
27 39 11140
27 48 10751
27 41 59313
28 31 76186
27 42 17203
27 43 68371
27 38 18325
28 40 91701
28 40 39412
28 33 11169
28 47 80630
27 42 54198
28 29 70761
29 29 60121
30 29 26813
30 30 12557
29 29 49281
30 30 94803
29 30 90982
29 29 95319
30 30 5556
29 29 26865
29 29 81464
30 29 66737
29 29 49927
29 30 14006
29 29 12952
29 30 63917
29 30 27975
29 30 80264
30 29 28005
29 30 777
29 30 21324
29 30 42655
29 29 72007
30 29 755
30 29 4426
30 30 861
29 30 42647
29 30 97067
30 30 3732
30 30 83843
29 30 25436
29 30 38783
30 29 60052
29 29 66527
30 29 92068
30 30 83680
29 30 96170
30 29 60801
29 29 678
29 29 23381
30 30 39942
29 30 48053
29 30 96104
30 30 72697
30 29 48103
30 29 55354
29 30 64226
30 30 63421
29 29 17920
30 30 84116
29 30 47301
30 30 12967
29 29 62589
30 29 78677
30 30 76889
29 29 90315
30 29 61917
29 29 72738
29 29 27578
30 30 75658
29 29 82363
30 30 73973
30 30 38155
30 30 5912
29 30 89888
30 30 41329
30 30 87211
30 30 15970
29 29 55346
29 30 75675
29 30 47367
30 30 25105
29 29 75288
30 30 82446
29 29 76398
29 30 79349
30 37 55228
29 46 34047
29 36 44005
30 30 56090
30 43 52922
29 41 45583
29 43 40952
30 44 20395
29 40 89543
30 46 98491
29 45 11873
29 44 29125
30 31 16623
30 43 15469
29 47 31356
30 50 96254
30 49 15570
29 30 79008
30 46 18510
29 43 42466
29 50 61819
30 36 50721
29 29 52092
30 46 46713
30 45 53435
31 32 10230
31 32 90873
32 32 68894
31 32 49717
31 32 79603
32 32 50063
32 31 12029
32 31 38733
31 31 82346
32 32 55886
31 31 94412
31 32 78351
32 32 27577
31 31 82247
31 31 50624
32 32 25987
31 31 51175
32 32 49222
31 32 65679
31 31 13398
32 31 78993
31 31 60944
31 31 34877
32 31 39391
32 32 83566
32 31 56333
32 31 62185
31 31 94611
32 31 3990
32 31 3839
32 31 47509
32 31 84609
31 32 34240
31 31 21905
31 32 59790
31 31 91333
31 32 67769
31 31 29190
31 32 36350
31 32 8971
31 32 15576
32 32 22840
31 31 89200
31 32 7754
31 31 91225
32 31 49211
31 31 36263
31 31 18887
32 32 79450
32 31 69435
32 32 9529
31 32 95188
32 32 74977
32 32 32079
32 32 23132
31 32 85327
32 31 95096
32 31 46883
32 32 12150
32 32 64722
31 32 33307
31 31 7198
31 32 77650
32 31 93223
32 31 31974
31 31 34191
31 31 95092
32 31 18593
31 32 9464
32 31 13305
31 31 61629
32 31 15665
32 32 81640
32 31 62633
32 31 73211
31 41 66609
31 43 6028
31 49 34584
31 35 5090
31 46 53068
31 50 14362
31 49 52708
32 50 49811
31 50 63312
31 39 76500
32 49 47675
32 46 16819
32 49 42512
32 33 23045
32 45 2204
31 33 72454
31 42 66064
32 37 68163
31 36 94821
32 43 53931
31 48 47026
31 36 76099
31 34 91087
31 34 50893
32 35 73632
34 34 89276
33 33 85085
34 34 49803
33 34 4553
34 33 70336
33 33 39399
34 34 98259
34 33 74889
33 34 60884
34 33 85339
34 33 96446
34 33 59549
34 34 38364
33 34 62187
33 33 17158
34 34 67324
34 34 18674
34 34 49889
33 33 3345
33 33 65410
33 33 30029
34 33 21216
33 33 6411
33 33 75125
33 34 83913
33 34 45655
34 34 42195
33 34 84597
33 34 41480
33 33 25445
34 34 20660
34 33 55168
34 33 57018
34 33 61029
33 34 87012
34 34 26053
33 33 85316
34 34 6981
33 34 65606
34 33 46543
34 34 66765
33 34 90117
34 34 23493
34 33 86595
33 33 53022
33 33 19002
33 33 67799
34 34 95114
34 33 6786
33 33 18472
33 34 60391
34 34 90576
33 34 1992
34 33 74051
34 33 74387
33 34 80837
34 34 65210
33 34 69306
34 34 30043
33 33 18048
33 34 35506
33 33 44166
33 33 32446
34 34 583
33 34 78312
33 33 94172
34 34 90143
34 34 36674
33 33 69012
34 33 69352
34 33 22478
33 34 84197
33 34 64027
33 33 17089
33 34 63879
34 42 88788
34 34 73341
33 35 45709
33 47 63716
33 36 54884
34 47 80537
33 43 45317
33 38 20782
34 41 89782
33 43 46899
34 43 9485
34 41 3691
34 50 90379
33 34 86895
33 49 22463
34 47 37275
34 40 98383
34 49 59071
33 50 32673
34 38 86610
34 43 87957
33 44 47931
33 43 19446
34 41 99238
33 41 74055
35 36 78056
35 35 10525
36 35 18071
35 35 55605
36 35 69001
36 35 85494
35 36 8144
36 35 64906
36 36 61436
36 36 32186
35 36 48683
36 36 98044
36 36 65795
36 36 90210
36 35 92143
36 35 27752
35 35 32996
35 36 81666
36 36 16675
35 36 73785
36 36 54726
35 35 46459
36 35 5501
36 35 48732
36 36 20205
36 36 90228
36 35 81967
35 35 6464
35 35 7826
35 35 14889
36 36 78907
35 35 61527
36 36 2270
36 35 16389
36 36 19106
35 36 60769
36 36 36777
36 35 70627
35 36 28640
35 35 73368
36 36 66198
35 35 86871
36 35 96816
36 36 22151
36 35 79316
36 35 88116
36 35 35147
35 35 7719
35 36 58593
36 36 79917
36 36 73489
36 35 77382
35 36 92111
35 36 93131
36 35 63950
36 35 63249
36 35 35922
36 36 31832
36 35 42613
35 35 58095
35 35 15346
35 36 25307
36 35 25341
36 35 13705
36 36 40982
35 36 72608
35 36 87117
35 36 34398
35 35 99256
36 36 79572
35 35 94367
36 35 98302
36 35 58308
36 36 21489
36 36 26614
35 38 80804
36 35 14871
35 45 37585
36 38 71265
35 39 59687
36 45 66535
35 38 5155
35 41 29197
36 44 18066
35 42 11180
35 36 80629
35 47 83129
36 41 99053
35 39 48826
35 46 75141
35 36 93194
35 44 40560
36 44 3323
35 36 55741
36 41 26982
35 37 364
35 48 58063
35 49 7376
35 47 63415
36 43 17499
37 38 30393
38 38 18436
37 38 84310
37 37 20445
38 37 26677
38 38 95727
37 38 26035
37 38 4162
37 37 44236
38 38 19042
37 37 20232
38 37 67844
37 38 71144
37 37 75252
38 38 46810
37 38 28491
38 37 82260
37 38 59563
38 38 46752
38 38 29026
37 38 70732
38 37 24010
37 38 86746
38 37 44877
37 38 76416
37 37 44671
37 38 13264
38 37 20876
38 38 6950
38 37 6111
37 38 25282
37 37 2854
38 37 19593
38 38 95023
37 38 40642
37 38 7698
37 37 76181
37 37 85360
37 37 98726
38 37 1922
37 38 99673
37 37 84465
37 38 31668
38 38 31922
37 38 48721
38 37 93780
38 38 47744
38 38 69141
38 37 86595
37 38 18683
37 38 3906
37 38 216
37 37 52512
38 37 39819
37 38 99577
37 38 6007
38 37 47032
38 38 33019
37 38 875
37 38 33990
38 38 18679
37 38 96461
37 37 3385
37 37 76074
38 38 86306
37 38 12195
38 38 62377
38 38 18258
37 38 50963
38 37 34494
37 37 62039
38 38 29815
37 37 42130
37 38 59675
37 38 59864
38 49 98350
38 38 86
38 38 28751
38 38 85578
37 47 49129
38 40 27663
38 48 80615
37 49 27164
38 43 61883
38 41 40167
37 46 79427
38 44 45954
38 41 61928
37 46 72202
37 44 56300
37 50 57510
37 37 27970
38 44 56347
38 42 53006
38 41 16482
37 44 94630
38 42 83992
38 38 81731
38 42 15911
38 37 31929
39 40 55917
39 39 40992
39 40 57022
39 40 50993
40 40 27346
40 39 39984
40 39 59374
40 39 58265
39 39 64040
40 39 18524
40 40 98907
40 39 6047
39 40 93856
39 40 71367
39 40 26224
39 40 22712
40 39 56699
39 40 8451
39 39 9755
39 40 98068
39 40 73201
39 39 98024
40 39 54130
39 39 635
39 40 90217
39 39 70713
39 40 1462
40 39 47529
39 39 26977
39 40 36359
39 39 21672
40 39 2845
39 40 59524
40 40 69011
39 39 72677
39 40 57440
39 40 41690
39 40 91007
40 39 82873
40 39 41993
39 39 68402
40 40 34392
40 40 76764
39 40 45984
39 40 41493
39 40 77196
39 39 29956
39 39 57919
40 40 99462
39 39 43176
39 39 1913
40 39 6683
39 39 20779
40 40 16641
40 40 53981
40 39 70335
39 40 5343
40 39 58830
39 40 16114
39 39 26932
39 40 80606
40 40 19049
39 40 18599
40 40 52189
39 40 67620
39 40 12394
40 40 54749
39 39 20783
40 40 77955
39 39 86370
39 39 87159
40 39 42077
40 40 94899
39 40 21076
40 39 53523
40 46 56816
39 42 98189
39 40 68399
39 41 3725
39 46 6486
40 41 54469
39 44 63170
39 48 80044
40 43 70954
40 47 5551
39 47 60562
39 42 37777
40 43 36974
40 43 33127
40 47 81925
39 48 17978
39 39 16039
39 39 57150
40 47 78825
39 48 91224
40 43 9726
40 40 88378
40 46 38427
40 48 81461
39 46 17625
41 42 16062
42 42 39436
41 42 91842
42 42 19918
42 42 48510
41 41 10391
41 42 61817
42 41 27775
42 41 48013
42 41 95942
41 41 72570
41 42 40860
41 41 87577
41 41 29409
42 41 83325
41 41 51270
41 41 73588
41 41 99447
42 42 79349
41 41 20773
42 42 41053
41 41 19513
42 42 20131
42 42 89950
41 41 52312
42 41 85697
42 42 80136
42 42 61378
41 42 22868
42 41 26259
41 41 77497
42 41 58132
42 42 84362
42 42 41240
41 41 20845
42 42 14769
42 42 3077
41 41 72392
42 42 11269
42 41 10854
42 42 2488
42 42 32457
41 41 14952
41 42 6746
41 41 90441
42 42 58471
41 41 72554
41 42 87976
41 42 65477
42 42 36270
41 42 33773
42 41 67988
42 41 72608
41 41 72796
41 42 99738
42 41 39359
42 42 96521
41 41 69037
42 42 22011
42 41 803
42 41 19761
41 42 69628
41 41 44968
41 41 21372
42 42 34845
42 42 35096
42 41 88183
41 41 34192
41 41 82570
42 41 99689
42 42 47185
42 41 79944
41 41 93961
41 42 41458
41 42 44553
41 43 78375
42 45 23112
41 41 88844
41 46 26554
41 46 16608
42 43 96154
41 49 46093
41 50 58735
42 45 98405
41 45 48977
42 48 14682
42 44 3529
41 44 76294
42 42 88253
42 43 85721
41 42 44936
42 45 56931
42 45 68797
41 47 89089
42 46 53107
41 45 22429
42 43 62264
41 46 110
42 44 19641
42 44 84891
44 43 30165
43 44 74453
44 43 10447
43 43 13579
43 44 15649
43 44 54425
43 44 78830
44 44 71166
43 43 78231
43 44 87517
44 44 5663
44 44 11520
44 44 47196
44 43 72367
43 43 13100
44 43 99802
43 44 40340
44 43 32539
43 44 14252
44 44 67527
44 43 60347
43 43 57085
44 44 10378
43 43 52212
43 43 64794
43 43 64963
44 43 46199
44 43 53803
43 43 53313
43 43 7385
43 43 93669
44 43 34290
44 44 55763
44 43 39834
43 43 10803
43 44 53034
44 43 42484
43 43 35015
44 44 45316
44 43 68317
44 43 11780
43 44 69482
43 44 22838
44 43 45506
43 44 40733
44 44 99927
43 44 76362
43 43 93927
43 43 13290
44 44 50330
44 43 37366
44 43 8204
44 43 64266
43 43 58219
43 44 19678
43 43 15252
44 43 99487
43 43 77182
44 43 84676
44 44 25528
43 44 70757
44 43 3616
43 44 80832
44 44 56347
44 43 99673
44 44 88352
44 43 1831
44 43 36204
43 44 56491
43 44 8335
43 44 5695
44 43 12008
43 44 9375
43 44 9997
43 44 82318
43 46 55567
43 47 73092
44 48 48748
43 45 96848
44 46 15842
44 49 90276
44 47 58186
43 50 57942
44 43 51102
43 50 15952
44 50 20219
44 45 10790
44 43 3325
44 46 15291
44 46 62192
44 48 28694
44 47 33846
43 50 32735
44 49 35718
44 43 80720
44 46 64141
43 46 21554
44 45 50634
43 46 85657
44 46 65443
46 45 67040
46 46 77297
45 46 61808
45 45 2326
45 45 51744
45 46 17008
46 46 97636
45 46 5583
46 46 21409
45 46 58104
45 46 24589
46 45 19245
46 46 15251
46 45 13145
46 45 86382
45 45 3180
45 46 16971
46 45 4108
45 46 57657
46 45 24768
45 45 76190
46 45 57780
45 45 45750
45 46 47473
45 46 68955
46 46 5953
45 46 10559
45 46 30505
46 46 16801
46 45 22833
45 45 94480
46 46 64386
45 46 9325
46 45 53621
45 46 3334
46 46 24770
46 45 72623
45 46 6716
45 46 50011
46 45 31265
46 46 95133
46 45 97289
46 46 65197
46 46 49249
45 45 63594
46 46 42219
45 46 94157
45 45 70852
46 46 74767
46 45 15432
45 46 34921
45 46 56267
45 46 73473
45 46 78652
46 46 31543
45 45 8462
45 46 24201
46 45 5428
46 46 16291
45 45 93132
46 46 52192
45 46 15961
45 45 96648
45 45 1367
45 46 90351
46 46 36884
45 46 6957
46 46 85048
45 46 40746
46 45 93573
45 46 90326
46 46 74357
45 46 3652
46 45 32919
46 46 44086
45 45 19520
46 47 23423
46 45 51665
45 49 25005
45 48 32587
46 50 35136
46 47 54031
46 49 36955
46 47 96029
45 50 60101
46 49 69317
45 48 67140
46 47 12657
46 45 44315
46 50 75160
45 47 89199
46 48 38670
45 45 12835
45 50 60298
46 47 98938
45 48 40188
45 49 87733
46 47 44575
46 48 77016
46 47 39240
48 48 55191
48 48 41164
48 47 27236
47 47 28589
48 48 69854
48 48 41556
47 48 23725
47 47 16703
47 47 39488
47 48 11002
48 48 94806
48 48 58504
47 47 50983
48 47 87509
47 48 6531
47 48 50934
47 47 97123
48 47 91370
48 48 17540
48 47 30308
48 47 9594
48 47 80251
47 48 77552
47 47 81682
48 47 89330
47 47 52903
47 48 76299
47 48 59359
47 48 9094
48 48 95780
47 47 51671
47 48 75942
48 48 55128
47 48 23595
47 47 68661
47 47 97546
47 48 13457
48 47 93440
48 48 80411
48 47 84800
48 47 92071
47 47 72591
47 48 79243
48 47 43209
48 48 2751
48 47 12501
47 47 39016
48 48 92264
48 48 5675
47 48 25689
48 48 40477
48 47 30332
48 47 46218
48 48 78376
47 47 58489
47 48 61923
48 47 86519
47 47 99684
47 48 74089
48 47 65382
47 48 54384
48 47 68103
48 47 55309
47 48 12294
48 47 98995
47 47 67640
48 47 28493
48 48 5141
48 48 56693
48 47 9696
47 47 36576
48 47 76731
47 47 90690
48 48 92215
48 47 52364
47 50 52508
48 50 68107
47 48 83307
48 47 68810
47 49 9351
48 48 69598
47 49 1486
48 49 39524
48 47 39624
48 48 91755
47 47 77046
47 48 45905
47 47 65322
48 47 20723
47 48 60565
48 48 40341
47 50 56720
47 50 62276
48 47 16581
48 50 60393
47 48 96256
47 49 21039
47 50 83765
47 48 35542
47 48 97492
49 50 14963
50 50 29321
49 49 33131
50 49 36525
50 50 10541
49 49 76741
49 50 95426
50 49 48569
50 49 66732
49 50 90093
49 50 58905
49 50 85262
49 49 92082
50 49 90659
49 50 83006
50 50 14218
49 49 4644
50 49 48340
49 49 29326
49 50 48810
49 49 68577
50 50 97400
49 49 35604
49 50 28065
50 49 37948
50 49 95676
49 49 27960
50 49 32100
50 50 28548
50 49 50381
50 49 27971
50 50 5723
50 50 28073
49 49 6842
49 50 99180
50 49 46897
49 49 66434
50 49 16488
50 50 37451
49 49 97764
50 49 1280
49 50 67317
50 50 41376
49 49 53695
50 49 28982
50 50 73828
50 49 2508
50 50 80601
50 49 8374
50 49 84074
49 50 30707
49 50 2275
50 49 83491
50 50 68975
50 49 77238
49 50 88025
50 50 12319
50 50 13454
49 49 37512
50 49 36161
50 49 51271
49 50 30218
49 50 6454
49 49 11137
50 49 9634
50 50 65144
50 49 22488
50 50 51205
49 50 74681
49 49 58267
50 49 70983
49 50 19402
49 49 16411
50 50 66240
49 50 24746
50 49 10002
50 50 77871
49 50 77761
49 50 1699
50 49 86513
50 49 78853
50 49 48647
50 49 90199
50 49 94342
49 50 9982
50 50 38788
49 49 22960
49 49 92697
49 49 37376
49 49 52437
50 50 92580
49 50 31110
50 49 85150
50 50 16910
49 49 62319
50 50 70083
50 49 56551
49 49 94824
50 50 60086
49 50 47432
1
