44 1705
44 4 40083
35 33 34936
25 5 65308
5 2 12361
36 43 86124
42 29 12222
28 17 52004
8 18 25679
20 17 94199
39 4 10697
37 33 42580
28 6 34580
9 39 70015
33 15 11886
18 10 83688
2 16 92571
14 33 44095
43 44 83076
21 14 97976
3 16 38875
21 5 59354
23 33 63598
23 33 72242
7 30 23774
1 40 84410
40 40 24325
30 33 59902
22 2 46433
35 28 50618
18 42 83152
2 44 37024
38 13 99186
1 13 73811
41 11 18341
9 38 37617
8 25 7248
33 11 56605
20 16 77540
22 25 2155
3 12 94765
25 23 73830
22 3 33150
5 22 3479
21 10 96819
21 23 22314
35 44 84387
6 8 66313
1 9 72706
29 31 66683
17 28 52993
34 19 70494
19 35 58292
22 29 35236
42 34 62995
2 31 23876
35 19 24662
13 22 14188
29 2 35247
39 27 8512
23 12 86526
11 32 54670
5 28 64701
15 42 43265
13 38 27025
14 35 44887
25 2 82417
43 34 67446
14 8 75565
9 33 9678
28 14 35310
37 12 33364
5 39 92219
27 25 81478
26 3 44430
28 12 848
38 35 76008
31 35 40276
32 4 27310
35 17 53861
15 40 25009
30 4 45674
39 29 91468
19 30 8234
25 36 33756
26 35 81486
21 36 24631
21 31 50379
29 1 17810
26 21 2592
15 37 22574
16 21 39483
26 11 6620
37 6 14839
21 43 7659
44 38 20252
11 40 43967
40 29 31787
25 22 267
8 42 29703
33 1 80277
37 1 36965
25 27 11253
17 28 39800
38 16 33007
8 36 37031
25 19 26392
44 14 57891
6 9 30058
39 42 19847
37 29 53497
36 2 8981
27 34 36833
1 5 31962
7 34 99455
2 11 47777
13 40 52
18 10 62380
19 15 37917
34 31 94256
15 11 20858
32 5 63693
14 4 18659
22 24 54183
44 11 96005
35 44 57818
10 22 56903
5 21 75540
44 29 39048
14 19 61508
34 43 24894
23 38 3281
38 8 13512
23 27 26738
8 17 49067
33 44 28099
1 22 76872
4 12 22741
37 20 93895
14 13 80091
12 25 47972
27 33 90121
42 18 88270
10 32 95244
36 15 71141
11 44 72958
7 3 21824
25 27 81591
34 18 57796
4 4 82155
9 12 7059
11 25 32693
35 23 40705
8 2 62546
31 28 68495
21 2 78786
11 33 77355
44 20 27383
21 39 82239
10 8 30446
22 40 87021
15 21 86811
30 11 48477
34 20 56112
41 18 1149
25 5 31793
37 21 35323
11 22 43044
43 15 48547
3 11 41714
29 25 85322
32 36 21516
5 19 85681
5 28 62465
16 23 25586
3 10 84069
9 41 17967
21 42 52336
6 39 69135
25 18 5586
40 44 40527
2 26 15383
20 17 38471
40 5 65742
12 3 56220
20 28 36185
40 14 82740
24 21 93081
26 20 5070
39 19 96021
16 6 97061
17 17 89476
35 4 62322
14 32 88468
12 3 86652
32 41 55225
10 4 32406
14 22 62318
21 23 49372
34 31 18251
22 7 82967
35 23 1413
10 32 78114
7 17 76128
29 18 26887
31 17 4637
12 11 9186
10 23 86661
13 9 70888
6 22 54776
13 6 64417
40 34 91676
6 4 6793
12 34 62336
40 1 53167
44 19 29505
36 17 25958
32 20 39624
17 41 15748
16 5 84280
8 39 88613
15 3 1544
44 5 1996
22 10 34766
29 27 78030
25 16 2509
6 4 87785
23 17 1809
14 19 14435
2 25 3765
36 13 38246
37 30 51852
33 20 95486
6 12 22150
14 8 29293
19 22 94093
32 12 68902
17 3 39910
12 9 38747
13 7 10941
5 6 28480
44 38 55718
20 35 14945
28 28 85338
12 34 57244
32 39 29363
8 42 24171
33 26 34314
32 5 20876
28 11 16846
34 28 68593
32 35 25831
11 41 40854
41 1 8713
29 10 53562
40 24 45510
25 14 49840
39 5 72465
35 3 67253
5 3 91267
26 42 51908
37 33 59723
38 5 16560
3 8 7179
17 16 77092
26 31 70581
31 16 40994
23 5 23088
37 9 33487
32 40 71189
9 27 1040
35 33 43485
35 9 20793
21 37 36099
2 30 9014
44 25 28167
34 39 76721
4 27 34261
39 26 38915
15 19 27921
19 37 82048
21 36 96806
3 19 17099
20 41 81218
26 31 51407
24 12 95859
13 19 57816
8 40 42396
32 17 85018
29 24 26618
16 5 66718
42 26 98276
5 7 51605
6 9 19785
32 34 91413
38 5 38448
8 14 14622
44 29 18206
13 5 50985
7 6 74611
13 15 2691
3 37 30137
13 42 26074
29 32 56453
13 34 60806
8 29 22105
14 16 37724
40 28 5436
4 17 1344
28 36 36640
5 15 86641
12 27 83677
29 21 3376
18 21 14423
12 4 64864
27 34 32779
17 34 84967
1 3 66507
10 21 89011
14 8 57038
26 15 96375
40 30 80245
16 18 38407
2 22 86848
30 23 52011
6 43 52425
27 22 12293
10 15 41440
26 36 35975
24 22 24862
6 3 48201
28 22 15288
27 23 79696
34 44 51292
17 35 68256
44 23 39523
21 37 20897
28 16 49916
37 27 41749
25 27 18659
18 35 10607
20 19 93301
43 14 70809
39 6 13715
31 32 39311
7 24 56576
8 6 21290
43 39 35506
5 22 4658
9 7 85990
44 11 33243
43 6 26414
22 17 41224
32 40 62864
39 3 54389
7 8 45383
6 29 77898
32 29 22863
3 13 45979
41 25 29187
39 30 80330
42 18 47222
41 22 13270
34 8 83183
4 13 74649
43 27 71191
26 41 12537
39 31 56827
15 41 34310
18 10 55450
11 31 83121
8 21 83141
26 10 44460
42 26 38603
25 10 46491
1 36 7137
43 35 37563
39 5 33104
14 8 4610
24 1 95861
39 32 20365
9 9 43076
31 32 57109
2 14 12293
22 39 85352
42 5 70480
39 11 40851
15 39 46735
38 39 19919
20 2 35940
21 15 76440
42 29 32656
8 12 93358
3 32 72287
32 2 84037
15 27 29107
32 11 15508
18 43 52489
4 28 5569
35 30 28883
26 11 21615
16 24 89111
12 12 42001
13 4 50546
14 14 45405
20 5 89836
3 24 82780
8 7 93195
44 16 96817
8 10 72796
17 24 69916
30 42 75580
38 29 62077
39 25 36589
16 32 1353
26 15 45674
29 11 91978
3 43 42834
35 27 37375
29 3 33264
31 35 39198
39 14 3987
40 44 29742
3 5 26432
3 7 47436
17 33 75886
31 3 46094
25 15 82924
14 22 83879
22 43 33082
8 17 11856
39 13 39528
18 8 42173
6 27 55536
35 15 38464
43 7 56447
25 29 25585
9 43 77592
7 40 50190
30 24 29476
16 40 49448
24 4 44393
32 43 62184
8 42 20484
3 43 78228
30 11 87027
29 12 99526
36 9 96216
12 42 35725
17 30 65644
21 37 81219
5 42 26900
42 14 96918
12 5 39699
2 29 23947
37 32 79399
11 4 86867
10 23 6169
23 3 48309
38 40 44861
37 19 75858
39 24 225
28 27 94905
34 6 67853
20 38 70605
2 42 78338
26 22 79267
24 17 92892
13 14 58871
23 21 1134
27 38 33058
11 21 15086
4 6 69239
39 31 2581
3 38 94301
28 7 14284
15 14 59034
22 4 73184
39 2 21630
23 44 66675
31 37 41577
19 35 97854
7 26 16589
1 17 64196
31 39 8911
7 13 74002
22 6 44017
27 30 30427
23 41 98090
37 6 92105
28 15 43349
43 43 1818
3 35 87868
39 24 89657
14 39 23379
22 24 45136
8 9 98254
1 38 89854
35 23 29637
16 44 5957
16 31 97956
14 7 8770
10 27 66945
35 13 28829
13 32 4089
18 27 58986
32 18 50098
12 15 57395
27 36 84836
3 12 93772
6 2 42777
24 36 12335
7 30 48852
28 12 23882
44 27 28921
17 39 56391
16 40 25250
28 23 98927
13 6 41716
3 28 89055
43 6 4896
40 6 76980
40 40 53211
15 33 68676
21 39 27501
21 40 9720
41 9 2251
32 17 36775
18 3 59651
43 6 45892
6 44 10037
44 17 18308
31 28 16438
31 15 3222
42 15 1043
17 42 92397
43 16 33734
32 43 78174
33 13 12371
34 44 70740
18 5 99437
17 44 54042
33 29 36839
32 43 85442
40 44 159
11 42 30862
23 6 4155
29 43 74467
23 22 34838
28 18 35481
30 7 60511
34 18 61173
23 18 88644
14 7 76887
33 36 59747
18 25 54603
14 7 49356
18 39 90480
5 25 28954
10 34 49222
42 26 83978
11 4 65475
42 18 17954
27 6 76757
34 32 75920
43 33 71998
14 24 85571
25 10 58552
3 38 52459
10 42 98643
23 20 15910
20 27 24561
26 17 8442
24 22 77407
2 35 95099
41 15 4638
29 2 55370
19 9 10892
24 20 13016
35 35 59208
42 16 94995
18 33 26515
3 17 85478
4 21 99709
23 18 33474
2 42 64228
44 18 20195
32 37 54366
2 41 15882
25 30 57847
38 43 74535
24 1 61918
37 44 71534
21 34 95589
38 18 74670
22 5 24825
13 40 18091
37 17 42764
43 31 84185
39 39 24306
39 37 76815
25 7 78821
26 7 25528
33 2 92227
14 39 2603
29 10 42057
10 19 69904
17 3 49395
12 8 30578
35 27 88282
15 41 20287
21 38 56258
44 4 86051
17 5 54601
16 4 18198
19 8 80305
37 2 96524
22 23 76207
26 9 7700
36 9 64639
38 21 83214
27 17 32700
40 14 89805
43 6 84225
19 21 95200
27 19 927
13 12 97038
44 2 294
3 11 81819
33 34 63713
31 11 11372
26 25 69107
29 14 78331
30 25 68064
28 16 39089
38 21 29042
16 19 6149
8 15 42587
29 15 43321
12 25 79447
24 19 62068
42 14 71797
39 43 19090
21 9 76179
2 26 90936
14 22 84898
20 3 76667
19 35 2012
1 32 3143
38 24 48329
5 31 76847
21 35 25308
32 9 12015
40 40 55004
35 40 36497
35 6 37359
3 13 26905
8 18 78638
31 29 94267
29 3 57771
14 7 45241
34 11 8935
19 27 94857
33 16 18024
15 33 41228
34 22 2647
38 8 15531
28 11 76054
26 19 50137
15 16 76614
10 43 20782
25 23 79227
23 11 95277
22 14 31904
24 22 90160
27 30 79513
18 35 99768
22 22 33023
43 25 20192
38 4 12964
33 44 67107
41 3 72891
32 29 54187
21 2 85785
15 11 3316
24 19 32934
33 43 43410
32 2 61325
35 15 89087
38 42 98070
27 30 89690
20 39 16245
42 26 92854
17 30 8795
32 33 63008
19 5 29928
34 12 45141
30 44 26766
20 37 27897
39 14 88864
28 41 70783
44 12 56399
4 35 49743
5 20 27296
34 25 98764
5 43 3019
40 27 86125
24 23 86835
16 25 39443
17 23 57925
14 7 99298
14 4 61064
26 21 35833
1 21 82485
15 22 53763
9 21 96313
25 11 59356
38 42 16993
5 26 87567
25 35 46850
17 31 31164
12 27 65517
8 4 67549
26 33 31645
18 31 7602
30 17 5296
19 35 57231
16 32 10678
43 9 72824
24 14 38529
18 29 41362
28 24 91436
1 6 32807
25 26 45468
29 31 63335
43 15 90781
4 6 3169
3 5 10752
40 15 40784
8 8 13817
20 2 28228
17 13 79757
42 8 30626
21 41 69671
41 39 60595
11 29 58486
4 1 17638
35 37 24276
4 13 69420
42 7 99136
39 28 368
12 28 92318
30 29 30992
40 29 13967
42 36 44767
12 4 94398
21 27 87969
41 9 32454
20 37 69379
22 33 51302
35 33 42873
24 35 60957
27 16 16260
41 30 54900
15 41 77769
15 41 20237
34 34 49012
44 24 44803
20 4 65181
34 40 24155
7 42 3380
1 20 31283
2 43 55344
43 31 22742
36 8 96840
19 10 38280
10 19 91738
42 19 64555
40 13 81423
18 24 95506
12 14 20680
27 23 36890
24 16 98739
2 25 85699
44 37 21334
26 38 17847
33 32 67730
33 5 51992
26 28 90065
5 2 21669
1 14 4150
12 9 91183
29 3 67436
4 41 37974
4 32 36110
32 9 1367
33 36 97413
41 30 56624
4 10 42210
30 43 16919
3 28 56505
34 20 32965
25 7 97884
44 32 50270
7 19 85564
43 34 83047
9 31 71524
18 24 68207
21 19 98893
19 10 5134
24 41 64802
37 12 60594
12 21 34036
21 25 2475
8 34 41285
41 11 11490
3 30 41325
41 21 32767
2 27 34059
37 35 56526
7 19 94721
2 18 32094
43 10 66492
29 35 6241
33 17 34930
7 27 55409
25 13 60644
3 32 32736
30 5 32005
1 42 41679
40 28 44993
10 21 56546
38 13 77820
39 11 49853
10 40 7264
19 25 32084
23 39 88798
6 42 21657
32 17 69090
28 1 13272
37 11 16190
43 3 8936
30 22 87063
11 40 86198
17 3 24953
16 27 56925
33 28 9445
16 41 82643
43 1 12934
1 23 60269
14 21 39392
20 2 37278
12 33 99573
16 16 6011
22 39 74006
39 7 22117
14 29 17754
38 32 86990
14 24 3838
23 18 84499
44 14 93671
22 39 10201
44 19 69710
37 26 29404
6 1 97752
28 8 37668
20 6 82770
11 29 23361
40 12 94682
41 32 82240
26 9 19677
19 21 55484
35 13 12477
43 31 37450
16 9 7624
12 26 71348
32 18 89304
41 20 49209
30 21 13640
13 38 97498
17 5 42432
31 10 37571
38 44 49159
20 11 98257
32 6 36157
8 29 49195
41 35 94343
1 25 52358
12 5 5008
14 1 65338
3 7 36932
36 34 4554
2 31 14740
24 1 6361
40 28 7645
19 17 36940
17 40 16834
37 24 61686
11 42 78208
23 32 16125
29 25 72173
31 10 34024
4 44 69052
31 25 5721
8 19 86531
24 3 18431
29 35 91558
11 8 88761
3 11 14209
25 23 40353
32 2 24429
11 34 21721
10 34 46855
26 37 52316
32 15 95361
35 38 40765
4 6 11996
27 7 36291
43 38 7614
8 32 61597
1 19 60201
33 3 77964
20 25 16465
37 29 57012
12 13 21081
11 2 70319
16 35 22671
16 29 60769
25 37 56470
28 21 66850
36 3 9217
9 40 32844
20 20 34133
39 20 39663
17 16 3517
22 14 29420
33 29 87277
6 44 4398
27 39 122
38 39 51144
42 9 13872
22 13 52559
44 34 28662
39 28 95235
14 36 5470
35 24 82315
44 4 98344
39 17 10955
12 24 77689
37 22 41183
1 34 93787
27 38 53741
26 39 3972
37 28 88270
20 37 37295
35 27 51005
42 44 30445
15 36 49851
41 10 69900
22 17 32107
20 33 72905
25 27 80025
20 14 37546
4 20 36495
22 9 66922
28 20 48113
23 22 99807
1 34 97254
36 39 58996
23 3 56129
18 12 6287
41 7 2505
7 23 90425
8 34 43331
14 31 10628
32 36 64154
23 32 36237
28 36 60294
10 27 13581
9 30 72387
3 43 19005
8 44 92364
38 30 45089
18 7 85153
39 34 21803
13 10 81538
13 30 10635
25 11 94494
9 42 75805
6 20 36965
5 23 39336
30 16 26198
11 29 96184
44 37 37236
28 28 80334
3 16 65614
32 2 84988
28 35 12498
32 29 99994
26 6 60818
17 4 11546
5 41 51161
32 28 35261
17 35 34463
7 7 19765
41 16 4588
35 29 58210
43 13 37715
40 26 97279
33 39 63639
8 21 3445
8 10 3592
9 37 73968
29 35 53309
20 3 3413
6 15 2832
20 16 96732
34 41 35928
16 36 67072
22 6 73080
7 11 53691
41 43 29525
15 11 24531
6 5 81757
26 20 94121
36 27 35918
20 8 44385
26 27 94363
19 23 10455
8 22 32985
36 29 11391
13 38 53315
6 30 15577
15 26 17279
23 26 30017
30 15 27552
6 2 62395
36 2 86792
29 19 94038
41 8 70214
17 12 13341
11 16 29147
38 10 33989
13 1 20624
19 9 74950
30 9 27845
11 42 22716
39 20 7602
4 28 67071
41 19 18478
27 21 84598
11 32 53811
25 33 97539
16 37 17872
26 38 16232
20 5 45395
25 28 61261
14 4 12164
6 29 85444
21 16 17580
44 7 77715
18 41 24655
4 26 31450
16 6 15235
4 6 22741
16 11 91019
38 35 41825
10 32 17535
4 23 99265
34 27 48068
13 22 31641
9 27 67939
18 38 27260
16 21 92765
31 18 96724
18 16 24624
3 16 15759
37 22 90523
16 15 56423
27 3 42294
6 32 9118
34 15 6097
1 15 41639
44 31 13991
20 12 76023
11 3 96443
2 3 21036
27 6 41059
12 12 32846
16 43 42964
41 1 92480
38 28 60847
1 24 63015
1 9 10371
12 41 97670
12 33 45044
11 35 10910
8 5 1162
6 16 45773
15 11 86709
5 11 92607
44 12 28323
28 39 56598
31 33 21104
5 12 76426
10 4 54341
2 34 55392
20 7 74376
26 11 43731
14 31 41987
19 33 69830
27 27 4926
33 12 44873
10 34 31558
22 20 95079
39 19 94987
8 44 16395
25 15 394
2 10 5041
14 43 64462
16 19 23782
37 12 73460
9 11 96957
19 6 15540
29 20 39051
44 24 38652
36 38 62493
37 40 74862
22 4 54391
30 27 77227
21 30 81297
6 23 80215
6 5 71783
26 26 48367
31 7 32690
15 44 60780
18 15 94249
37 15 67370
42 41 17749
12 17 83866
30 15 76817
8 35 89348
15 13 77504
10 42 86894
20 12 74753
4 7 54502
35 32 83289
29 31 81040
32 8 52832
34 25 67221
9 43 62503
25 18 2518
1 29 92599
10 18 69185
39 28 7115
41 10 98895
4 16 54554
30 12 26543
14 29 93213
23 27 71151
44 36 19139
13 41 82971
18 11 17712
43 3 47347
32 27 44116
18 21 34035
18 39 33056
19 30 40831
31 35 36623
21 14 53737
1 39 32338
31 30 44840
11 33 45676
5 4 51552
18 33 5688
2 12 36146
1 1 35306
2 11 57427
41 12 54156
28 37 3074
1 37 99768
7 23 23381
1 19 9480
23 9 77775
1 35 30420
28 29 93313
42 1 67245
39 15 39059
17 5 38881
3 29 27484
20 29 96873
10 2 60396
20 34 82975
24 23 74884
33 38 44731
40 36 7857
10 9 30736
9 25 65310
30 9 96342
44 33 44847
26 37 33390
3 7 43465
36 11 10269
43 19 74365
2 24 60761
18 41 89755
37 42 79703
41 10 45374
26 13 81928
1 22 66687
27 22 18106
37 39 67500
40 7 50238
33 37 95910
20 10 2493
26 33 17848
12 3 74925
39 34 8904
14 23 41969
28 26 85156
25 37 31606
22 14 24188
37 8 70170
2 14 79790
43 29 80799
8 8 85683
38 6 88002
26 2 43271
8 12 27418
1 36 50441
35 28 7854
28 39 18078
40 35 64809
6 6 39462
10 15 71996
14 39 87384
8 13 4414
2 25 62689
13 23 36347
36 7 65194
42 41 96575
36 26 98487
8 40 26137
22 7 10031
43 30 99215
14 11 49051
41 2 82171
32 26 49856
14 14 49316
39 33 6148
1 16 25516
22 22 42340
41 14 37109
15 29 46502
17 37 74357
25 23 52916
42 6 74802
11 10 32812
1 9 49627
10 23 13189
37 3 90421
37 15 25066
38 8 5710
16 33 24368
41 43 63015
34 15 7266
10 37 19090
35 28 94278
11 43 47951
13 14 7039
34 33 61302
10 39 42328
9 25 20481
41 13 29883
22 29 72839
28 43 74485
42 6 91955
23 2 45867
24 15 41910
3 16 19850
17 29 26277
20 5 54618
23 1 75999
17 7 31858
25 12 4165
4 32 14288
33 6 35144
4 38 90434
17 11 49686
33 36 51934
1 24 73695
40 39 96601
7 39 47329
19 23 76332
35 35 11994
37 23 28087
2 40 38486
39 12 89789
38 18 31025
23 14 23423
15 3 93754
13 41 42808
35 32 51535
21 20 82792
24 25 11868
31 19 94771
15 41 24430
4 32 16598
2 6 97330
21 33 34869
21 16 21521
32 2 37251
20 7 16948
3 8 80505
12 29 74692
18 20 76103
9 7 30535
34 9 5287
6 6 67603
21 10 15760
8 1 32876
8 36 55429
12 12 36806
9 15 58188
39 34 32890
21 14 92017
12 36 88906
38 33 1064
20 34 31512
35 41 47068
23 33 86948
40 24 68746
25 34 42360
1 15 3693
34 37 2696
36 11 40074
17 14 28667
26 12 4890
42 39 71776
27 3 32828
36 22 6174
24 8 61633
32 13 25881
38 12 44283
28 1 84883
2 30 68875
29 27 10310
40 35 8679
12 6 92556
17 32 47992
16 29 26068
36 37 15752
3 14 39735
28 25 15893
34 27 63601
41 17 39640
39 7 49857
43 38 34650
4 39 19917
6 16 54524
8 3 88652
1 4 21008
15 39 12457
15 7 62291
33 31 84553
23 22 92453
31 14 21528
5 16 28324
29 29 36228
38 3 95813
34 29 8423
15 21 14169
6 25 54618
13 24 5421
4 37 68592
3 2 10404
42 35 85015
4 32 90908
2 19 88281
36 36 9455
9 11 99730
37 15 39523
1 18 79038
36 17 16395
19 43 43780
43 8 74627
30 21 67288
10 8 75956
35 42 54825
39 17 40633
34 7 15919
1 43 96019
17 24 64206
13 29 25126
44 31 51384
3 27 71768
14 30 18451
12 22 61283
40 12 63263
20 11 60532
21 33 40037
16 39 97947
23 32 33622
20 2 24954
18 38 72433
35 44 40806
12 36 40625
41 31 51743
6 41 27625
35 35 56148
7 42 65031
41 21 64626
43 38 74314
41 14 88490
1 27 9079
1 1 83481
23 4 71894
15 39 75140
38 22 15166
37 32 36758
41 33 69076
1 7 44363
17 18 46380
44 17 11362
39 15 46676
37 25 59303
31 24 62564
9 34 23120
23 38 91598
44 4 17183
16 35 94028
10 24 11714
42 39 43430
29 27 32525
23 20 80356
8 19 6669
4 42 56369
3 16 24287
19 11 3980
39 2 75530
35 29 67303
30 12 89747
32 29 7254
38 21 51770
43 19 55912
32 12 82875
18 36 37729
24 3 48297
2 35 24545
36 36 21642
42 10 19160
29 30 92594
17 19 14413
3 43 27349
27 40 95491
43 21 71560
42 22 10233
43 33 49525
17 19 41621
12 31 48076
38 43 68052
22 10 52327
41 13 78244
21 5 7096
12 39 30309
18 13 32607
8 39 68370
35 8 6758
22 31 68495
40 2 5917
37 22 10333
11 33 49535
36 42 16915
11 39 34711
12 15 76194
38 30 49908
44 20 31058
3 11 82891
16 36 75395
39 29 58304
33 43 20999
21 40 62540
17 24 51342
25 3 6256
17 38 74004
6 29 92340
3 3 43326
2 7 64751
14 25 91177
34 13 12629
9 6 67737
29 4 56713
35 1 20476
40 1 99439
4 15 91032
13 25 35298
44 22 72855
39 35 89073
38 39 82196
12 8 32430
31 24 59538
37 11 65918
38 36 44689
26 1 96494
5 40 86567
20 33 79148
11 42 36919
10 4 74561
27 27 87817
23 21 38863
17 4 96260
10 29 52825
22 18 69531
25 2 98935
40 13 84461
22 27 49077
41 43 78221
11 43 62439
38 27 71988
17 32 53132
22 24 89410
10 2 46054
12 37 75437
26 23 35012
27 2 47228
6 41 12161
38 19 55613
30 31 86514
34 10 64246
40 18 21618
38 18 74181
36 21 29475
37 9 17222
17 22 76306
5 2 94038
14 28 13550
19 12 47568
18 18 8511
20 33 92601
27 36 37811
29 13 95363
11 42 34094
41 10 38184
29 2 63723
16 11 62648
43 22 18117
9 17 57468
29 42 42250
29 2 15478
14 29 5229
21 43 96764
26 16 54898
10 4 94894
23 15 42583
28 33 51361
8 10 67418
31 10 14452
22 5 70425
34 9 5711
25 19 15701
3 8 76368
41 4 74751
32 44 92514
36 13 86063
26 24 39613
27 16 87510
41 25 41004
22 40 16681
21 9 21400
10 8 82848
23 31 43794
41 22 33357
8 14 8579
22 27 52736
3 33 27607
42 11 41092
10 22 97295
2 32 52061
37 38 66047
8 18 23129
1 4 68072
11 33 81891
36 36 22277
44 43 51170
16 40 39119
22 42 30088
24 10 56043
36 3 84400
42 8 23163
35 1 10823
20 36 72956
1 42 30758
13 21 42532
14 31 38789
38 36 34254
3 11 61561
43 35 33450
37 14 39994
5 24 82497
44 13 10139
20 17 93677
7 39 39046
38 4 72708
10 33 46575
13 37 97639
4 24 72666
26 7 29449
18 44 3934
18 41 20077
18 7 60927
20 17 78140
37 35 36543
24 36 73024
13 13 21328
24 41 23639
23 9 17935
37 20 71565
22 16 36280
39 42 70689
36 32 35006
17 30 1343
16 22 81981
6 30 99285
36 44 5712
9 27 65189
3 25 95855
9 20 23357
6 40 40335
12 38 37494
29 4 879
36 20 73367
31 44 80876
27 13 53113
7 25 18076
36 19 52488
44 8 89576
32 25 2602
11 23 83349
9 10 22014
42 10 15847
31 11 97470
12 20 41550
5 40 74474
9 27 51100
25 25 7918
30 1 19282
26 15 52603
22 33 82975
40 39 61171
17 14 78453
42 23 68954
9 7 84424
9 13 21027
25 33 24925
27 15 74345
10 21 18900
18 12 48644
24 13 90873
17 21 13705
4 22 10563
14 3 70862
10 1 25562
33 30 95058
10 37 17988
7 34 55488
15 35 17240
39 23 81492
28 11 61265
7 12 13003
32 36 28717
1 24 96893
30 14 85704
21 15 11037
43 42 60940
2 29 14089
37 16 499
5 23 1740
25 27 62461
6 27 68714
43 40 7801
35 9 22798
36 21 78230
18 4 13718
40 12 36542
39 28 40393
25 36 78457
17 26 97895
43 18 16156
10 13 56770
29 40 27562
41 36 17128
19 44 68042
44 39 6368
29 40 44338
32 26 49256
29 24 57136
20 36 12609
2 38 67418
18 40 42568
8 35 32401
9 20 72437
1 7 75035
21 10 83865
15 27 93342
15 1 77641
26 15 14776
498160829
