49 1988
5 2 56079
6 7 96181
2 7 16101
6 6 98921
5 4 82886
2 3 3192
1 3 29243
6 7 17459
2 7 67307
2 6 77724
3 3 87516
4 5 89307
6 2 19727
7 6 32833
3 3 91629
6 4 93311
1 1 77850
3 1 19158
4 4 67003
3 2 94453
5 6 45665
1 1 56206
2 5 3800
3 6 38137
1 1 99580
1 7 14020
6 4 710
7 7 23067
7 4 10217
5 1 24422
7 7 26864
6 2 70835
4 3 21848
7 2 46839
2 1 95655
1 5 54559
2 2 21752
5 4 81376
7 6 70502
1 3 65043
3 6 19011
2 7 11368
6 6 95746
6 1 80906
1 5 36324
6 3 69043
1 1 65879
5 6 69004
7 7 99386
5 5 51274
6 3 13208
4 5 73188
7 3 86193
3 1 67515
3 2 7827
5 6 53068
5 6 73384
5 1 79123
1 7 24397
2 1 9941
3 6 88248
5 6 88151
5 1 37784
4 5 84406
1 3 43546
2 7 54526
1 3 63975
6 3 29403
3 3 97586
7 2 63185
4 6 63962
2 7 53574
7 6 44215
3 4 27304
4 6 76453
1 1 92781
3 3 96470
2 4 167
3 3 40249
5 6 2516
5 7 83590
3 1 76542
3 3 9064
1 1 70653
5 2 33908
7 4 94586
1 4 50304
7 6 28626
2 4 65884
3 4 1371
5 3 54963
5 6 89587
3 1 56072
5 3 19034
5 3 68355
4 1 64471
6 2 96324
7 4 44358
1 2 80731
7 2 1127
2 2 92815
7 1 32280
3 4 93164
1 5 57798
3 4 96731
7 1 53347
5 5 97179
5 6 60214
4 6 90498
5 5 76600
1 2 76655
3 2 1413
4 1 84414
4 3 12625
1 6 57417
4 5 25182
7 4 6377
2 6 56737
3 3 93682
4 6 87564
6 6 92100
5 4 99259
7 5 91200
3 7 16428
1 4 4776
3 7 18834
6 3 24432
4 3 86418
4 5 31658
6 6 45470
3 4 9501
3 3 95853
4 4 20280
1 4 72715
4 7 45933
1 1 73258
2 3 29329
3 1 12907
1 7 38329
2 3 54207
7 6 78191
4 2 25863
5 5 54163
4 6 53996
6 5 85208
5 3 9674
2 4 65751
7 2 18433
1 4 87470
2 6 22460
1 3 63243
4 1 63620
5 6 34709
2 2 5968
3 3 11120
2 5 16112
1 5 46410
7 6 5844
3 1 53188
3 4 37177
1 4 14749
5 2 29196
1 4 50480
1 5 59143
7 2 26261
5 7 47746
3 6 62714
4 5 77915
5 1 62382
6 2 44421
7 5 57140
5 1 33740
6 5 23061
5 3 12661
4 2 48578
1 6 72169
3 2 98625
1 3 51006
2 5 41402
4 4 8873
7 1 92885
4 7 50728
1 5 57937
6 7 25633
7 2 75198
5 4 51303
1 3 98424
3 2 257
5 6 10766
5 7 37448
6 3 85208
6 3 20594
3 1 86926
1 7 72259
6 5 98197
6 4 51999
3 6 18505
4 2 3638
7 4 9920
1 6 18766
3 1 77525
7 4 45791
3 1 76641
4 3 23007
4 3 51624
5 3 23944
4 7 37034
2 7 59310
4 1 91521
5 3 78791
5 2 11774
3 2 90284
1 3 60675
5 2 57300
1 5 86219
3 7 26666
1 7 50013
3 2 68618
6 3 93962
2 7 6197
1 4 67154
4 3 57675
2 3 1573
3 2 87800
5 2 53048
7 5 44947
3 6 24235
1 5 71854
7 1 19255
3 7 98476
2 7 78264
7 1 23473
2 4 36307
1 5 43812
2 21 64152
1 1 6632
3 30 78962
6 44 31355
6 6 49004
3 31 44733
4 40 91921
5 37 74272
5 10 6036
6 30 93941
3 41 70439
3 21 26760
2 6 13835
6 33 59321
5 48 69761
6 9 48339
2 46 60740
7 12 24302
2 13 78947
4 46 22300
4 4 55968
6 8 95109
3 21 39233
2 41 88610
4 32 17691
7 46 84631
1 48 64326
3 1 41262
2 46 88062
6 2 85759
6 39 12665
7 1 40082
5 49 25201
5 23 84167
6 26 61631
3 49 86994
1 24 22131
3 41 60547
3 27 33705
3 3 16727
4 40 2669
1 34 32303
5 11 24591
4 32 51987
1 17 44263
5 16 84693
4 39 83277
2 37 73076
3 37 77793
5 47 41422
14 10 74704
14 8 66156
11 11 25629
12 11 14317
11 13 164
9 11 87219
14 8 72733
13 9 804
11 9 51556
11 13 71000
11 11 10677
14 9 91496
11 14 68745
13 10 60292
13 14 75546
11 8 38661
10 14 46053
14 14 88153
10 11 54693
11 11 71520
11 9 65449
14 14 51269
13 10 20553
11 13 15340
9 14 59577
13 13 79399
11 14 57769
11 14 96658
13 12 97110
13 14 72117
8 13 53711
12 13 62738
12 12 62339
14 8 18358
13 13 12810
12 9 11087
14 9 27146
14 14 30324
9 9 42339
8 13 14352
12 14 86691
13 9 11348
11 14 41346
13 8 37380
14 9 50129
10 13 37154
12 10 5420
9 9 76534
8 12 44586
8 12 61680
11 12 37769
13 12 6483
13 13 4386
11 10 62272
13 11 31836
9 12 96795
10 9 78175
11 14 14512
10 12 62234
8 14 59552
13 9 94088
10 14 34341
11 8 89244
8 10 10011
8 14 77523
9 10 44347
8 10 47461
11 12 65014
12 11 17336
14 11 12212
11 8 51358
10 8 68414
14 12 24429
14 12 72312
12 14 9663
8 11 19186
14 10 21716
13 9 76306
12 10 96338
9 13 86204
9 10 46342
10 8 25304
9 9 78846
11 11 23850
13 10 33815
9 10 14807
8 12 54052
10 13 54652
13 9 89340
14 14 74120
11 12 88707
10 10 59101
10 9 34168
11 11 4263
12 13 4924
11 12 8554
14 10 44174
12 14 12692
10 11 91367
14 14 94867
9 10 74137
12 9 9218
10 11 58110
13 10 49890
14 12 84352
10 9 65516
9 10 87174
12 9 9430
14 14 56202
14 9 50478
11 8 61737
14 13 59556
10 9 251
12 11 35402
10 8 84814
13 10 8323
13 11 24137
8 12 16616
10 12 22940
11 10 53015
14 10 38238
10 9 28640
8 8 31951
13 8 61960
12 12 34571
11 10 18330
14 9 40422
10 10 60745
10 14 78787
12 13 19706
12 13 81650
11 13 5357
12 11 6410
12 12 10270
8 11 77289
9 8 39319
14 11 12577
13 9 42607
14 8 84801
12 14 68299
13 9 69605
11 11 29930
8 13 26877
12 11 44005
9 13 98551
11 11 20971
14 9 23784
12 10 29323
13 10 59752
13 9 28219
8 10 49316
8 12 18720
13 10 12930
9 8 74010
8 14 27614
13 8 11865
10 8 30008
10 13 91332
14 14 81560
14 9 84209
9 8 23149
10 11 60442
12 8 33795
13 12 65943
10 12 76805
10 13 78511
8 10 48621
11 11 30316
14 13 45724
13 12 47499
12 12 87113
8 12 3714
12 14 852
12 13 25320
13 8 28739
13 11 43184
10 9 72006
11 10 17117
14 9 90617
10 14 82297
10 14 49902
11 9 87036
13 12 50226
11 13 23268
13 14 70835
11 8 46434
13 9 49007
8 9 52186
8 8 14774
11 14 21769
9 11 22707
10 10 75006
8 9 2053
10 8 24685
10 11 69672
8 9 14638
14 13 75114
10 9 37919
11 14 30511
10 8 74006
8 13 99879
12 14 93622
11 8 11607
10 13 56385
10 13 16376
9 13 55583
12 13 40933
12 12 42623
9 8 10118
12 11 23555
10 14 97454
12 10 55031
14 9 64508
8 14 56509
12 8 5100
13 11 89766
13 13 90198
14 12 62129
13 11 28884
12 13 73487
9 9 9832
10 14 22223
11 13 54186
13 9 95809
9 12 6014
9 8 17953
9 14 70572
13 14 86824
10 14 16599
8 11 84929
14 9 18701
9 11 48457
14 11 84560
13 8 66169
11 28 43045
8 11 82456
10 46 40794
8 37 61426
11 30 86618
8 14 88103
14 42 54403
14 20 57915
14 25 221
11 45 225
9 17 46431
11 16 82073
12 15 29761
8 47 90947
11 21 74731
11 13 20422
9 46 78713
14 21 7487
14 11 19979
10 37 95391
12 44 25054
12 21 20833
9 31 56707
10 39 49336
13 28 8901
14 15 7613
8 18 20044
10 35 86773
9 17 40850
9 36 15179
12 48 18158
12 24 24802
10 39 81020
12 9 59883
9 36 40401
8 31 1745
8 35 38802
12 19 8569
9 49 11155
11 38 93981
12 8 43303
11 12 93256
13 20 39389
10 36 90986
13 17 34506
8 47 9030
13 17 13906
8 28 78576
11 45 25122
13 14 45141
17 19 36002
21 19 1664
18 20 98336
19 16 83149
15 18 78470
21 19 23552
17 18 714
18 17 7343
16 16 55128
20 20 97087
15 16 50471
15 21 80811
21 20 74783
19 21 74552
21 21 90876
17 15 63080
20 17 68131
16 17 93755
19 20 72339
16 20 84443
21 20 96136
15 19 6427
20 20 31546
19 21 33831
15 17 29360
18 16 49290
17 17 97138
21 15 84601
15 15 96435
16 17 89039
18 20 71928
19 17 26852
19 21 90257
21 18 40158
17 15 67974
19 21 90959
21 15 7615
20 18 44045
17 18 43924
18 18 35044
21 18 82136
19 16 9349
20 18 14096
17 17 28949
19 20 51296
15 16 46709
21 21 65638
21 17 99003
15 18 76150
19 19 86291
17 15 33897
15 17 1513
16 19 7106
16 17 43521
21 18 46748
17 18 68374
16 20 60655
19 18 97389
15 17 56173
18 16 15576
19 21 40418
19 18 66476
15 20 29767
19 17 24607
17 16 1242
20 18 10513
20 17 76116
18 20 97870
15 15 17216
18 15 49879
16 16 26144
18 17 52237
19 21 73636
18 20 81821
19 18 87529
21 15 49691
17 15 58841
16 19 80520
15 16 31210
15 15 70784
18 18 84716
20 16 98266
15 19 57747
19 16 15221
17 20 14346
15 17 37098
21 19 26953
17 15 64391
17 20 21888
21 17 34143
16 17 16754
21 15 63012
18 20 53195
19 17 99738
17 16 6588
17 21 71308
19 18 96042
16 15 65046
21 18 56966
20 18 5243
18 21 6034
21 18 35472
21 19 79931
16 17 20326
15 15 68326
18 19 7580
20 21 65183
20 17 4365
16 17 6279
16 21 90527
21 15 43543
18 16 26282
21 17 75975
20 15 78202
19 16 33174
16 20 41734
21 18 10247
16 21 45305
21 16 24640
20 16 81730
19 15 97435
16 20 89541
21 20 18403
18 19 47855
15 17 98572
20 16 12885
20 20 32741
15 19 6899
19 17 21998
16 15 27561
21 17 51354
21 18 18829
20 18 86630
16 21 86932
17 17 78053
16 20 45038
16 19 14201
17 18 77917
16 15 10966
19 18 68627
19 19 96715
15 17 69852
16 19 40569
20 19 15272
16 16 88220
17 20 94885
16 19 14638
20 19 91793
18 19 69703
18 17 37069
15 21 98856
20 21 60056
20 17 32479
18 18 31195
15 15 94308
16 15 36190
15 15 18928
20 21 18270
16 21 52542
19 18 49357
18 17 49732
15 18 72155
18 17 55077
20 15 10391
20 16 54016
19 19 1489
18 17 97453
19 17 28663
19 17 2828
21 15 42406
20 18 37869
18 21 75333
20 19 27399
20 19 90878
19 20 37413
19 15 22935
21 21 81412
19 19 78679
20 20 32610
21 20 94837
21 19 81257
21 18 74031
20 18 41678
15 17 33596
16 21 29789
15 17 86902
17 19 13412
15 18 44609
21 19 97610
20 19 79727
20 16 81983
15 18 90691
15 18 1181
17 21 27032
16 19 92239
17 16 4323
21 17 79307
17 15 31931
21 21 8208
15 15 47304
19 19 28622
15 16 93955
18 19 12554
17 21 82405
19 17 14629
19 18 30934
15 15 46616
21 19 28357
15 19 27716
21 20 87826
19 19 29411
16 20 48122
19 20 3259
19 17 17482
18 18 29678
20 16 70890
21 18 71496
19 21 92197
18 20 47496
18 15 70584
21 18 46342
18 20 752
19 15 91453
18 20 17939
21 18 2617
19 16 3304
21 18 13592
19 20 89274
17 19 28376
16 21 56032
18 17 87502
20 18 53121
15 20 73126
19 21 78869
17 41 45711
20 37 82493
18 39 22978
20 44 45836
21 46 54210
16 32 99764
16 44 41219
20 46 85721
18 36 60293
15 43 176
16 27 21051
19 44 62918
19 26 54834
18 35 51799
16 19 37686
16 15 71487
19 33 78020
19 21 48808
18 37 24038
16 35 72264
15 26 70993
17 40 18302
21 15 73352
15 22 31906
19 24 91963
21 24 54092
18 37 31283
17 17 13899
20 35 46760
18 30 27427
15 27 27434
21 19 71523
20 26 83848
17 39 24685
21 43 96339
16 43 92758
19 31 3785
15 22 62010
17 34 37902
20 34 47154
17 32 33141
20 44 26906
18 15 67295
20 33 84648
16 47 12869
16 25 96780
19 20 4302
19 46 36336
15 49 51125
15 44 84443
28 26 40664
25 24 27340
26 26 46872
26 24 90548
28 25 55563
26 22 26022
25 23 57528
24 26 30785
24 28 82429
24 26 38439
27 22 70049
28 26 8966
24 25 21657
27 25 12112
22 23 96582
27 27 23481
28 27 96854
22 25 96383
25 25 57250
25 26 76889
25 27 46966
23 28 70603
25 26 58549
27 22 84700
28 27 49143
22 27 80835
22 22 46669
22 22 17751
22 23 479
22 27 6816
26 23 52403
25 28 80205
23 25 13042
24 24 96993
28 22 31515
27 23 14778
27 28 49760
24 26 97477
27 24 88557
24 27 38220
25 24 48737
26 26 60604
22 24 53010
25 23 43370
23 23 50480
25 26 50519
23 23 54544
24 25 59292
26 27 56270
27 24 66844
27 23 18813
23 26 38037
25 25 6583
26 25 82941
28 24 76861
22 25 35513
24 28 75949
22 25 42677
26 28 49601
27 28 74743
24 27 35072
22 22 78818
23 27 34220
22 25 22456
28 27 32259
25 28 7297
24 28 81535
27 26 74528
28 26 94403
22 28 14585
27 24 12416
26 28 32189
23 28 42732
27 27 90274
27 24 77354
27 27 59248
26 26 60466
28 28 63691
26 26 16077
22 23 40718
28 28 38283
26 27 82001
27 28 23829
24 26 15319
23 28 59137
27 26 17737
26 28 77506
28 22 28232
26 25 66483
25 27 16052
23 28 18305
27 28 46296
28 23 89393
27 25 86221
26 25 27859
28 23 95497
26 23 74255
25 24 8077
27 23 72072
26 26 20173
26 24 95966
22 22 61972
22 26 20894
24 24 24762
23 24 91480
28 27 819
26 26 83303
26 25 42237
28 23 75523
26 24 64407
22 26 24525
25 27 78539
23 26 62004
25 26 89881
23 22 57281
27 28 9364
28 26 25359
28 25 97708
24 22 20409
25 24 54617
22 24 93511
23 26 29843
28 27 76660
24 24 26589
26 23 68588
28 23 86036
26 24 76818
24 24 40663
27 27 22770
25 23 45343
22 22 49491
28 27 91827
28 27 14802
25 25 72879
23 25 84999
24 27 36775
25 25 17718
27 28 96727
26 24 87745
24 22 79601
24 26 40212
22 22 96655
23 25 74294
25 22 39346
27 22 62887
27 26 74885
25 28 94075
27 22 79629
24 26 96220
28 27 79682
22 22 46226
24 25 4595
28 23 99634
22 27 24868
28 27 59538
23 24 71141
28 22 80438
26 27 92604
27 22 92797
24 23 35128
22 25 17682
28 24 22916
23 24 28
28 27 38774
28 22 29113
27 28 81409
23 28 89229
24 23 57889
26 27 19434
24 25 56487
28 27 84135
28 28 60912
28 28 14963
22 23 69131
25 24 76388
25 28 86852
25 22 3568
26 25 81907
25 23 30192
26 27 26331
28 25 59390
28 22 69349
27 27 73121
28 25 88825
23 26 39377
28 24 59248
25 28 75205
27 26 59998
28 23 93074
22 23 73594
27 23 83732
25 23 95721
28 26 28348
27 23 89043
26 28 43445
26 23 63897
26 22 23908
24 24 99775
28 25 90856
28 27 31651
28 27 74463
24 27 448
23 28 67399
28 26 3735
27 22 96287
25 24 13728
28 24 48932
27 28 48199
27 23 9711
25 25 65455
25 27 38837
23 28 97382
26 24 50710
27 28 61005
28 25 18540
22 24 86254
28 26 46282
23 23 38783
27 28 92720
25 24 85915
24 28 17693
24 25 71001
25 23 6819
25 26 7727
27 26 51945
26 23 48026
23 24 51682
24 26 93121
26 24 4973
28 24 20544
28 24 4199
28 25 65546
28 22 70076
25 22 83700
22 48 56793
28 26 40288
26 40 69040
27 45 96625
22 26 79037
24 43 63776
27 25 67642
24 24 83336
24 41 2300
27 39 79226
24 24 92279
23 36 72319
28 39 84262
24 38 44216
23 46 47141
26 32 61508
24 44 19823
24 23 96833
26 28 20881
23 39 8081
24 39 43884
28 36 62057
23 37 87234
26 24 13939
22 43 92321
24 28 78854
24 38 88853
26 24 56905
25 24 71164
23 48 97971
25 47 54338
28 37 17615
28 32 83983
22 31 427
27 31 98468
26 39 52120
22 43 67472
26 44 86722
24 28 55645
22 37 60183
23 27 85242
24 44 86730
25 35 96529
25 40 99288
22 40 29811
27 42 40311
23 48 77889
24 37 94342
23 31 82800
24 34 98621
29 33 43123
34 34 26543
34 35 75442
31 33 83335
34 35 22030
35 29 75819
33 32 95886
35 30 17238
32 32 52416
32 31 47959
35 32 91103
33 33 489
35 33 44111
33 34 7067
35 31 90778
32 35 90052
33 34 25146
31 32 84013
35 34 62455
31 34 90068
32 35 66104
29 34 94821
33 33 48469
33 34 21357
30 34 85145
34 33 52309
34 32 44070
34 29 44890
31 30 78518
35 34 76145
29 31 49299
33 30 30209
29 30 8546
31 31 96055
30 35 281
29 34 47743
30 32 65176
31 33 54318
29 33 5658
31 32 23819
34 33 98144
33 33 47014
31 33 80749
31 34 28953
31 30 94616
35 30 98636
34 30 85811
35 31 73557
35 29 51906
31 34 41754
33 31 35414
34 35 60739
35 30 66411
29 31 72325
31 32 53469
33 31 93196
30 35 28407
30 32 72059
34 29 2819
32 31 50480
35 35 77641
30 31 31917
35 33 19612
29 34 43981
29 34 36893
34 35 75366
33 34 30784
33 31 20003
35 33 99737
32 29 66457
33 30 28017
32 32 16151
35 29 4717
29 33 96075
34 34 13426
32 31 82985
35 33 80948
31 34 69889
32 33 21005
33 34 61516
35 33 99897
34 29 73603
35 31 53496
35 31 57608
32 34 14659
30 31 64989
31 33 56873
30 32 76702
33 31 11502
33 31 38039
29 29 84027
35 29 76542
32 33 38793
29 31 22202
30 31 75501
34 32 61660
30 35 15623
35 35 19250
31 35 8276
34 35 81396
34 29 56529
33 32 41739
32 32 33622
30 33 3076
34 33 79658
33 34 311
29 29 41936
29 32 13721
35 35 93581
35 29 92300
31 30 56231
35 30 57256
33 35 82633
33 29 71108
32 32 66618
33 30 39695
32 31 32261
31 34 24778
30 31 75624
32 35 32130
29 31 54318
30 31 62982
29 31 28572
35 31 70589
34 31 87562
30 34 4302
33 34 54554
32 31 92957
34 34 60842
30 35 70264
33 34 41636
35 34 66117
31 30 15507
34 29 28979
31 29 14975
30 30 41357
34 30 89574
32 33 89566
31 34 78409
34 33 32801
34 29 68979
35 29 28702
30 35 18876
29 29 42272
30 33 10971
32 33 32691
30 34 58613
34 35 54433
30 34 41283
33 34 62375
31 31 72675
29 31 98468
35 35 20157
30 35 94010
32 32 68637
35 35 16763
33 32 62668
35 29 56908
33 30 51666
32 32 97185
34 29 85948
34 35 78178
35 32 71261
31 35 13522
34 35 40044
29 30 56365
33 32 66000
30 31 78549
32 29 60064
29 34 19039
32 33 89514
30 29 45871
32 33 55120
34 30 74597
34 33 14681
35 30 352
29 29 24265
31 29 45583
33 31 73682
35 35 52409
31 35 61221
34 31 69737
34 31 99073
34 32 98805
33 29 78140
34 30 75820
30 35 85430
33 34 31834
30 31 43983
35 35 83910
31 33 92386
31 35 69884
29 35 95287
33 35 44417
34 35 58029
29 29 45369
31 31 36202
29 30 16518
31 32 86641
32 35 20870
29 32 617
30 35 94968
35 29 16673
33 32 11071
35 34 2028
29 33 24463
34 33 63586
32 30 66696
34 31 46516
29 31 92756
29 35 67871
31 33 27117
35 33 30776
32 30 67659
30 31 61055
32 34 70705
29 30 90602
31 29 38864
35 30 91894
34 29 86190
34 30 5562
34 32 43201
35 31 31253
31 33 54443
35 29 2805
33 30 91485
35 31 97266
30 31 68071
32 35 37017
31 32 76544
34 31 12449
35 30 26071
35 34 54517
34 34 25314
31 37 17955
33 30 22212
34 31 63063
31 40 45327
29 35 65650
33 47 84859
35 48 66218
32 47 65350
32 37 78328
29 29 15910
31 33 73932
30 34 12532
33 31 40207
30 40 22599
35 48 490
30 41 6635
35 46 16877
34 48 57405
33 40 17080
35 46 81414
29 39 13101
35 33 52910
34 30 4322
34 33 95447
29 32 82571
29 29 71103
29 49 81753
34 40 82420
35 48 39620
32 44 17146
35 33 64261
35 30 90864
34 39 22883
31 40 67579
34 34 95475
35 41 63342
29 32 60914
34 40 62994
31 32 8109
34 45 5097
32 33 89753
29 42 15151
32 46 61255
32 29 92145
29 36 72449
31 32 78552
29 38 4633
30 48 68824
29 32 70538
31 34 36469
38 40 58460
37 39 64193
42 41 52495
40 36 17466
39 40 7754
39 41 1756
39 42 9535
37 38 21517
40 38 84438
39 42 65814
40 38 8235
39 40 36684
36 39 85284
40 41 12650
42 36 11411
38 41 52760
38 41 60901
36 37 8695
41 37 59999
41 37 61135
42 40 63601
37 42 54692
42 37 76675
40 36 7571
41 41 18798
39 41 87575
38 39 28831
37 38 6195
41 39 30589
36 42 4131
40 39 11047
40 40 12556
38 37 5341
38 36 38551
42 36 91271
40 38 65017
36 38 97107
37 39 85785
39 36 45857
42 36 37065
40 39 45601
39 41 94394
41 37 86488
38 40 98277
42 41 91219
39 42 56183
37 36 56665
39 42 58761
36 37 12249
40 41 95408
41 41 47069
36 39 70779
41 42 36931
40 42 7677
41 39 47535
41 36 82099
36 39 37411
37 41 17956
41 36 18711
38 39 78271
39 42 13919
39 39 18148
41 39 28700
39 40 15576
42 38 25632
41 40 7745
40 42 59040
42 42 32845
41 40 19719
41 36 95901
39 42 40350
41 38 38611
37 36 51927
36 39 29990
42 41 30802
36 38 265
38 42 80885
36 36 94378
37 36 277
40 37 13914
38 37 53903
36 39 73564
41 41 29651
38 36 7587
41 37 84582
36 40 96271
38 37 78118
37 36 26204
37 40 51949
39 36 71243
38 38 11774
41 42 64442
38 36 27098
38 37 91674
42 42 23920
40 37 53137
41 38 56451
38 42 23152
40 41 11585
37 37 66324
41 38 781
36 38 99859
39 37 3772
42 40 99298
37 39 46051
42 37 35534
38 37 64722
38 40 73253
37 40 65853
36 42 9297
38 36 20227
41 40 49125
42 36 25909
38 39 11927
40 41 76584
39 36 82169
39 37 78613
38 37 35541
41 40 20260
39 42 19614
41 38 99956
40 42 58890
40 36 1641
40 42 36417
40 36 72498
38 40 21555
41 42 18488
40 41 18674
42 39 16137
38 36 93358
36 42 23748
36 36 40687
42 38 13496
40 42 30130
36 41 88390
37 40 39985
39 39 68609
40 38 63755
42 40 52704
36 42 74754
42 42 76378
40 39 2972
36 41 99261
38 40 50219
41 37 65894
41 38 21966
39 39 77283
38 36 24397
36 41 13264
41 42 86082
38 40 1634
37 41 49492
39 42 98960
37 39 8279
41 39 39984
36 42 72841
42 37 10972
36 38 46036
40 36 88902
38 36 10888
38 40 68222
41 37 36404
38 37 23709
42 40 21087
38 36 58663
39 41 26777
40 39 87882
39 37 29934
36 42 53445
42 36 90685
38 41 65640
40 38 30497
37 42 72246
40 41 21521
36 36 56043
36 38 39879
39 39 35531
40 42 72608
41 41 38513
40 41 5969
36 41 47044
37 36 59389
40 38 88149
36 39 73621
37 40 4178
39 39 58715
39 41 64549
37 42 63100
38 36 35196
42 41 31387
36 41 60031
41 37 78174
36 36 10389
39 39 57037
36 42 52262
42 36 47655
39 37 69272
38 39 5321
42 42 62239
39 37 12497
41 39 47832
36 39 74151
42 41 71390
40 41 731
39 41 78607
36 38 4268
40 39 1308
42 41 84573
38 39 72008
40 42 29979
41 40 6167
37 36 87963
37 38 69821
38 40 48227
38 39 71355
42 42 8589
42 42 91239
41 38 82419
37 42 52189
38 42 36137
36 40 68007
37 40 83522
38 40 23763
42 39 88060
38 39 88442
40 39 48948
41 39 47095
39 39 45556
36 41 40090
40 41 49611
36 42 87670
38 38 55790
37 41 57682
39 37 37269
36 46 65900
36 48 59416
39 42 57872
39 44 74565
39 39 19440
40 44 22149
39 43 98921
40 48 36045
42 45 82001
40 41 50129
36 36 34220
40 44 30529
42 49 41440
40 38 8389
42 48 84620
39 41 11987
36 38 10230
38 48 22026
39 39 82622
37 43 98922
41 48 29703
39 45 55934
40 40 18219
37 46 76944
42 45 19993
41 45 2729
38 48 55439
39 41 34552
38 41 25679
39 44 28885
40 46 69592
37 41 82121
41 49 7131
41 37 29069
37 48 55219
42 47 4090
36 36 27569
39 49 38681
40 45 54746
36 44 94351
39 44 85808
38 46 54600
41 46 57839
38 40 24846
36 39 44722
38 46 14123
41 40 21464
42 49 97364
37 41 5405
38 42 82122
46 47 52491
47 49 43058
45 44 20589
44 46 77029
47 43 25643
49 44 83551
46 47 19408
49 43 18054
46 44 79931
49 48 50302
45 44 90944
48 48 55618
46 44 17960
46 44 75767
47 44 51460
45 49 59062
47 47 35417
45 44 54676
49 48 36170
49 43 17355
43 48 70156
47 44 9824
45 44 60779
43 43 41237
43 45 44523
49 43 81874
44 46 77651
47 48 64017
47 44 89189
47 45 44138
46 49 88561
46 48 26225
43 47 20822
48 44 54742
46 43 95977
47 46 89181
46 46 26894
48 48 91871
46 47 41711
45 48 54293
43 44 88738
47 47 72968
49 43 95589
48 49 68490
44 49 48703
48 49 35820
43 47 17362
45 47 71701
43 47 98806
44 49 58377
45 49 22678
47 46 89651
45 46 36763
45 46 14961
46 43 38271
49 44 94472
45 49 590
46 43 9193
49 45 32817
43 49 46762
46 43 55200
43 44 88515
43 49 58064
49 44 95685
49 47 63473
44 48 31623
43 43 29818
46 47 48596
48 46 30255
49 49 8396
48 44 20325
45 49 28395
47 44 60571
45 48 42130
49 45 22294
43 43 15432
43 46 23028
44 49 55891
49 43 80504
43 45 21283
43 48 55993
45 44 58748
45 44 69415
48 44 64057
49 49 97565
44 43 23454
49 49 24635
46 45 9160
44 44 60692
44 46 24800
44 48 12333
45 46 5537
49 49 12025
49 49 47441
45 44 43849
43 47 85410
47 46 47126
44 48 33382
45 43 12774
46 44 5380
43 44 85657
45 48 22674
48 49 48655
43 46 88518
44 49 37981
46 49 45965
45 44 45264
46 48 80682
45 49 19318
49 44 54680
46 44 31993
44 48 59752
46 46 9182
43 49 23480
49 49 14494
48 49 33890
43 45 72284
47 44 30461
44 44 15025
45 49 34136
44 43 72421
46 47 13249
46 47 94291
46 46 47760
43 45 23062
43 46 13668
49 48 34658
46 47 51816
44 45 27449
46 48 60110
48 49 9685
44 44 91151
46 43 66962
46 45 95021
49 46 56778
46 46 1924
46 44 99355
49 48 35102
44 46 8562
45 43 10242
46 46 28146
48 43 53855
49 43 24194
43 44 36055
44 48 1070
43 45 75
48 46 94381
44 45 4791
46 43 88898
48 46 11626
44 46 73244
46 46 13459
44 44 86336
43 44 51573
47 44 16436
49 45 14047
47 45 63845
45 44 83262
49 43 78091
44 47 65070
48 43 83367
47 44 12359
49 49 39163
45 48 61916
43 43 71867
44 47 57202
46 48 6655
46 47 88468
44 46 24436
44 46 63932
49 45 36954
44 45 35997
46 43 83425
47 46 59985
46 45 97186
45 48 10891
44 44 11630
43 49 38404
48 49 85982
43 44 97
45 44 46047
44 49 86255
45 45 89461
46 46 82405
47 47 84000
45 49 13098
46 43 49511
48 49 64834
47 48 15702
47 48 30
48 44 69576
45 45 86339
44 45 76344
47 45 76210
48 45 78181
43 45 65936
45 48 46803
43 46 38113
46 45 12342
46 46 79097
46 45 84859
46 45 56916
45 48 71742
44 47 24838
47 44 18558
43 49 71475
45 48 30235
44 43 96458
49 45 79885
49 44 38269
48 46 73733
45 48 91211
45 43 428
45 44 5506
43 47 62926
43 47 88467
47 44 30997
47 48 96248
44 44 95591
48 45 91999
43 44 84402
47 49 24959
46 44 66333
44 48 70035
47 47 34656
44 49 33324
46 45 91663
49 48 36599
45 45 36837
44 46 14469
45 47 85211
43 43 99346
44 48 59669
45 48 99896
49 45 16160
43 43 97149
46 49 10500
46 44 66218
46 47 86782
46 49 21958
47 45 95026
43 43 69187
48 45 65573
47 43 47615
49 46 10417
46 48 78357
45 43 19301
45 48 29623
46 45 30644
48 44 44158
48 49 82386
47 45 96005
49 49 72818
49 46 69179
47 46 86486
47 43 75817
46 46 65244
48 49 56399
49 49 29528
46 43 29601
47 46 79936
46 48 84372
49 45 34194
46 47 31803
44 49 79575
49 44 59371
44 45 45864
44 49 55137
49 49 28930
46 47 94473
44 46 20006
47 47 6902
43 48 20726
47 48 65613
43 43 49025
48 49 67257
43 49 65965
47 45 94574
43 43 78563
47 43 79447
49 46 98708
48 43 8948
43 44 63245
44 43 41976
87116808
