48 2160
2 3 10133
4 4 9264
5 1 57962
1 5 88328
6 6 88027
2 4 79499
6 2 59017
2 3 80679
1 2 55975
2 4 94156
4 1 83786
4 2 69932
2 2 73320
4 1 43414
1 5 27314
3 3 23743
1 1 91206
2 2 82995
3 2 70874
1 3 77343
6 4 85189
4 5 45666
3 5 10246
3 3 61429
6 1 66568
5 6 3522
3 2 16251
2 4 90440
3 5 68098
5 5 30066
4 5 53133
4 4 50710
4 1 96346
5 1 35032
6 1 12935
3 4 373
3 6 36414
3 1 90704
1 3 3369
6 3 37103
4 3 85061
6 6 36144
1 6 52994
2 4 5924
3 4 75486
4 5 35309
5 2 70617
6 3 7267
3 4 41112
4 5 76461
4 3 15888
3 1 25371
5 5 46654
2 1 33550
1 6 4922
4 2 28792
5 6 92600
3 2 65477
3 2 88586
2 3 98477
6 6 73940
3 1 6135
1 6 1696
1 4 14281
6 1 45556
3 3 97094
5 2 88926
3 4 78202
5 2 15136
4 3 35583
3 2 67582
3 5 71849
3 6 49828
5 4 53096
2 5 88721
6 4 36753
6 4 45033
4 1 4500
3 3 6170
6 5 29131
6 3 62839
4 4 33957
1 6 58087
1 3 35583
5 6 3529
4 5 92252
6 5 7553
5 1 42919
6 1 26469
4 5 10332
6 1 77470
2 5 33945
5 2 86339
2 6 85864
1 5 50702
6 2 31530
6 2 97289
6 5 13589
4 1 88869
1 3 35606
5 6 81054
2 6 86025
4 2 52658
2 6 92032
1 1 95371
6 1 8748
4 4 82735
6 1 98345
5 4 76275
1 6 14052
4 5 23508
1 3 89407
6 2 61925
1 6 18181
4 2 42026
3 2 55828
3 4 96555
5 5 50666
4 6 11141
1 5 29790
1 2 40992
4 2 89435
3 2 89908
1 6 26480
6 1 40894
4 4 62451
1 1 44762
3 1 54878
1 5 25418
3 6 25536
3 6 12586
4 2 8956
6 6 27513
2 4 96845
3 1 11158
5 1 19619
1 6 32354
5 5 21137
4 3 53738
4 5 88827
1 2 72635
2 6 51530
4 4 22688
5 4 40296
1 1 98518
2 4 72862
4 1 2063
4 2 6091
4 5 56027
1 6 49073
4 1 60986
3 1 25110
3 5 10439
2 6 57211
2 1 18390
6 3 58106
6 4 51017
5 6 72689
4 5 5368
1 3 24373
6 6 9933
5 6 94389
1 4 73873
6 6 37571
6 2 21735
1 4 43966
1 6 79921
2 1 62427
2 4 40039
4 6 41405
2 2 95717
1 5 30151
4 3 15300
1 1 48436
2 6 78251
1 3 38383
4 4 21649
5 3 82819
1 1 41955
3 6 21370
2 1 1698
3 6 39833
2 4 49894
4 4 7805
3 1 76066
6 2 12473
5 5 51730
3 2 87358
6 1 39084
2 2 78897
2 3 57356
2 5 82442
4 5 33723
6 3 24598
5 6 42593
4 1 69093
4 6 67230
4 2 87601
2 2 37775
3 5 10115
4 3 94308
6 5 57612
2 3 51275
3 2 54714
1 5 56874
4 3 24642
5 5 28191
2 6 21871
1 6 28510
6 3 59021
5 1 39443
3 1 19541
5 4 67684
5 6 13060
6 1 38395
4 2 58516
5 6 36642
2 2 64730
1 1 10907
3 2 98399
3 36 6075
6 37 11607
5 23 13631
5 19 85835
6 3 35616
1 21 89855
1 30 69875
4 30 43117
6 2 55181
2 14 52634
6 11 4326
1 7 16977
1 15 19363
3 30 58725
6 30 12837
4 9 71688
2 21 83837
5 21 94237
2 22 22685
2 19 45062
6 45 43100
5 34 82701
1 18 65661
1 4 75147
2 33 1402
3 11 90877
6 39 9356
6 25 47630
4 5 26892
6 7 80253
3 46 96657
4 42 13948
5 44 38963
4 41 54256
3 11 43441
2 17 30091
5 39 78794
6 42 51163
6 42 44474
4 34 66117
5 35 13109
6 1 32711
5 42 37515
1 38 36368
6 16 21121
3 27 18420
6 7 75620
3 38 389
6 30 14698
4 4 15609
7 11 34849
10 10 396
9 12 60942
9 8 41716
8 9 90389
12 8 70338
7 11 67011
12 11 74357
11 11 29633
8 12 68046
9 10 89035
12 10 68423
12 10 91677
8 7 10489
9 11 70708
12 9 76344
9 7 7362
7 7 30868
12 10 72608
11 12 42602
10 10 24737
10 9 78617
11 7 11668
9 12 38608
9 11 73972
11 10 88841
9 10 96025
10 8 59890
12 9 87007
11 7 32812
11 11 42649
12 10 92355
11 11 93210
10 7 19447
7 8 57098
7 10 11147
7 8 15126
11 12 97843
12 10 93459
8 10 4262
9 9 88136
11 10 13043
9 10 98227
9 8 13505
11 7 24388
9 11 91085
7 8 74371
7 12 57813
9 10 34851
10 11 75201
9 8 81219
8 10 48143
7 8 13666
7 8 2739
7 11 12099
12 9 19283
7 11 76165
12 11 1878
12 10 64779
8 12 91893
10 10 26024
12 8 98679
9 10 39797
12 12 37990
11 8 7964
10 8 58289
12 9 68648
10 11 54780
8 7 80260
9 8 39302
9 9 87581
11 10 55404
12 12 15992
9 9 17325
10 11 33381
11 11 60608
8 9 13612
10 12 32733
9 7 45059
8 10 22743
8 12 65786
10 8 38381
7 9 9743
7 10 32717
8 7 864
11 12 65744
12 12 92341
12 7 51654
8 11 73506
12 7 92461
7 9 36708
11 8 71987
9 10 40077
10 11 80753
12 9 21025
9 7 47584
8 8 10389
8 12 64405
9 9 92055
12 8 39235
9 12 20198
9 11 92255
10 12 91641
9 12 466
10 12 18559
11 9 88116
9 7 24525
10 7 79089
7 12 10757
10 12 61046
11 12 99027
9 10 32317
7 7 40930
10 7 95623
8 7 1550
7 9 47459
7 8 38911
9 8 69603
9 10 42146
7 7 26358
8 11 92938
7 12 85865
9 11 31510
10 7 29712
8 7 44047
10 12 66977
12 11 19794
10 10 87271
12 12 28836
9 12 44033
11 9 44529
11 9 61663
8 11 25199
7 10 76556
10 10 98715
9 11 7197
9 10 80279
9 9 67347
12 8 40773
10 11 90484
12 10 21494
12 11 85061
7 8 25588
8 12 37091
9 10 69950
9 11 78108
12 12 40249
10 7 37654
8 8 90877
12 8 56134
12 7 79379
12 10 88034
12 11 27939
11 11 29911
8 12 93080
8 11 51038
8 12 77342
7 12 36874
10 12 85541
11 9 12122
7 9 63633
12 9 37848
12 9 34250
10 7 58232
11 8 81902
9 12 50687
12 9 38539
12 10 37529
9 7 70826
10 8 88589
12 9 91788
7 10 58258
8 8 77537
12 8 94799
7 11 4200
8 10 57367
12 9 68812
10 11 11175
7 12 82391
10 8 13731
11 12 33352
9 9 85806
11 12 98355
11 12 96941
10 8 7171
12 9 14403
11 9 53469
10 12 30610
8 11 38177
12 8 21602
9 9 63270
12 8 9016
8 12 86989
8 10 21647
10 7 55577
11 11 37631
8 12 38853
10 12 53060
7 7 88344
11 11 71703
7 8 76262
12 9 58988
11 12 54250
7 10 2546
8 11 33422
12 8 83823
8 10 46561
10 9 88566
11 11 22193
7 8 77501
12 11 15196
8 11 47260
9 10 84469
9 9 41555
9 11 43180
11 9 15577
8 10 88132
12 7 15560
7 7 21850
11 7 48992
12 21 46422
9 44 59644
12 23 64509
10 17 13871
7 19 66604
7 8 39561
12 42 52670
7 31 47150
7 36 57384
10 46 8058
10 31 89922
8 11 39906
9 42 14299
12 46 97313
10 42 31599
11 29 92136
11 8 50417
9 44 91949
12 40 56841
8 36 70609
7 29 20309
9 29 9736
8 35 96659
12 23 74919
7 19 14713
11 29 15501
10 9 57706
12 20 61745
12 14 75908
9 36 18234
12 20 91750
9 17 77312
7 40 83790
10 8 1407
12 10 60849
12 19 48058
10 14 62644
8 7 36482
10 33 48236
9 26 79496
7 39 58635
11 11 29637
12 15 64892
8 39 13293
10 35 37982
12 28 51687
8 27 1841
7 43 92536
12 41 55852
11 8 1209
14 16 51801
17 13 59323
18 18 55156
13 15 45949
15 14 73097
16 16 13453
13 15 77563
17 18 15904
13 13 79707
17 18 5180
15 14 39807
16 13 22959
15 13 12277
16 18 34418
14 16 67658
18 17 72116
15 16 81844
15 14 70365
18 14 44686
18 18 25754
13 16 34596
15 15 83712
17 16 75623
13 15 25413
16 16 29778
13 15 76053
13 17 44636
13 15 22805
18 16 37571
16 14 77555
18 18 39632
13 15 41002
18 13 79060
17 18 76671
14 17 64978
15 16 27851
18 17 42665
17 18 60216
17 13 63163
14 13 76671
13 14 20441
15 14 78537
18 15 10950
15 16 74138
17 14 13653
16 13 8833
16 13 47472
18 14 91991
17 16 59828
16 15 69829
17 14 30466
17 14 67851
13 13 33224
13 17 43097
16 13 2520
18 14 20867
13 14 67214
17 15 80199
14 18 81698
14 16 20327
15 17 40552
16 18 20659
17 18 70325
18 15 69571
17 13 59822
18 18 13436
14 16 1956
15 18 83674
14 18 57567
14 17 24121
16 14 19739
17 17 27349
14 14 9691
17 18 21504
16 17 99351
14 15 39392
18 16 56668
16 13 70470
16 13 96624
14 16 1712
15 17 90943
14 17 13335
18 16 13726
14 16 14622
16 15 47599
13 18 98815
18 18 38408
13 17 15537
17 18 6957
16 13 16720
13 16 18348
15 17 25612
16 18 86235
15 14 17280
17 15 87025
17 13 28061
15 13 62702
14 16 36678
13 17 58823
13 16 73031
15 15 33013
17 16 14926
17 13 59194
15 14 66904
18 13 72441
18 13 78639
13 16 50751
17 17 38720
14 15 13726
13 16 69549
14 14 58048
13 15 83212
13 17 18057
14 17 29820
16 18 82568
13 14 58503
16 18 60436
13 15 7213
15 14 35084
13 13 67038
14 17 98232
18 17 17139
13 16 95096
17 15 70668
13 14 35222
14 14 94389
17 14 36416
15 15 85064
16 14 33703
18 16 85038
15 13 34258
18 16 64713
13 17 64513
15 14 68553
18 17 92330
16 16 27784
18 16 18847
15 17 61567
18 15 98453
14 17 79981
16 16 36726
16 16 38090
13 16 34104
16 18 78244
14 16 34813
18 13 6084
18 15 27079
15 15 28793
13 15 40955
18 18 7392
17 17 47098
13 17 39462
14 18 64448
16 18 56950
16 13 1684
17 17 43675
18 16 49437
16 14 7977
16 18 94085
17 14 82620
18 14 74238
16 15 22553
17 15 56220
16 16 73303
15 14 71535
16 18 41514
16 16 67814
18 14 3163
17 18 53517
16 15 84039
16 14 17909
14 17 76768
15 14 31969
13 15 65598
18 18 56786
13 15 96882
16 16 26154
14 14 3099
17 13 25179
18 15 90770
15 18 51034
17 14 78140
18 18 33225
13 18 93125
15 18 74979
16 14 53177
18 16 94171
17 13 69356
17 16 29531
18 16 81234
14 14 97239
14 16 7210
15 15 44163
16 15 17458
14 16 30293
17 14 20807
13 18 66152
18 13 30354
14 16 36146
18 18 99185
16 16 9786
17 14 21993
17 18 6310
14 18 91278
18 16 60056
17 15 99745
16 14 82943
16 14 51013
14 18 33851
17 13 97317
14 17 53453
18 13 69817
13 17 76358
14 14 19864
15 17 82927
18 14 99312
18 17 41943
18 13 86932
16 14 37030
18 18 14350
16 47 75951
18 40 59498
13 19 85752
18 24 48637
13 25 13426
13 46 23266
14 33 32944
17 17 83004
15 33 12215
13 43 81862
14 48 51457
18 48 2184
13 16 51788
13 41 42577
13 26 12835
18 21 81174
16 28 83223
14 40 541
13 17 12739
17 31 85566
17 45 80027
17 33 30658
16 35 94621
17 39 17581
15 47 97159
13 25 50248
17 43 6598
16 42 57813
13 24 88259
13 42 2381
16 19 41534
13 25 52667
14 48 31078
17 15 9927
15 48 10319
15 13 97504
18 13 11110
18 30 50296
15 28 98354
14 14 65492
17 48 13429
15 44 894
13 42 55241
15 46 32155
14 19 72732
15 40 5271
15 21 67674
13 33 45629
18 15 31576
17 16 9980
22 22 57590
22 19 75234
23 24 96519
21 21 56828
19 22 28347
20 22 66232
20 19 67367
22 21 10058
23 19 23576
22 22 12960
24 21 75984
23 23 21943
22 22 50978
24 23 82219
22 19 32668
19 19 90338
20 22 5246
23 21 44577
19 21 46841
20 24 39387
24 19 63947
23 23 64660
19 22 52090
20 19 32426
20 20 67648
20 22 34827
23 23 96462
22 22 45444
20 19 54446
23 23 79654
23 19 74704
20 22 83074
24 23 43823
21 23 85747
20 20 89770
24 20 44595
23 21 86292
22 23 60267
21 19 88441
22 21 44766
24 20 13755
24 19 92402
21 22 20302
24 22 63568
19 19 40865
23 20 84674
19 24 20583
20 21 40026
22 22 79839
24 21 35515
20 22 15510
20 24 38295
22 20 40290
20 20 90996
20 23 93859
21 20 99037
22 20 91594
24 24 41855
20 23 80265
20 22 45860
22 22 68116
24 24 22197
19 22 84620
20 20 45204
23 24 97368
23 24 68234
22 19 87570
19 24 18559
22 21 27721
21 20 19405
22 24 54574
24 20 78238
23 21 25753
21 19 89985
22 20 50453
23 20 2186
24 20 3678
22 20 7000
22 22 52580
21 21 79414
21 22 24455
23 21 99766
22 19 34021
21 24 45640
22 20 16313
19 19 37858
23 21 7969
24 23 88564
21 24 9349
24 22 47563
23 19 91675
21 22 33975
19 21 84693
20 22 92075
24 21 61892
19 22 27458
19 20 1462
19 23 77738
19 20 34455
22 24 2002
24 21 38278
23 19 47555
23 23 8161
24 20 69147
20 20 54603
19 21 43998
23 19 67504
21 21 90539
23 20 42470
19 19 65820
23 20 40083
22 24 77908
23 19 1387
19 22 8125
24 23 52646
24 24 32435
22 21 28293
20 20 61381
21 21 24770
19 22 69371
19 20 70381
23 23 53342
20 22 81041
20 21 80470
23 23 41445
19 20 48058
19 19 51397
22 23 65463
23 19 52117
21 21 68165
22 19 64922
19 20 14235
19 23 50941
20 21 80588
22 22 24906
24 24 43765
24 21 16682
20 20 81609
23 21 82386
19 19 88116
22 23 82602
20 21 34883
20 21 1633
22 24 5885
21 19 10652
23 22 55595
22 23 34228
21 23 7474
22 23 67602
24 24 95309
23 19 88345
20 21 14478
24 23 86078
20 20 65433
24 19 96803
23 19 45141
23 21 21334
22 20 42331
20 20 51173
19 19 73504
23 22 39269
21 22 24223
20 23 79900
21 19 35342
23 22 92796
24 24 58891
22 22 5918
24 22 51331
21 20 62112
19 20 32050
22 22 23603
23 23 7149
23 22 49769
19 20 98882
23 21 86224
23 19 71315
22 20 33646
19 22 55821
21 20 93145
21 22 44570
19 22 89984
19 24 86063
21 21 11098
24 24 19440
24 19 4646
24 22 70607
19 20 55712
22 20 85402
21 20 93544
22 20 36793
19 22 98256
21 24 43643
24 19 52934
22 24 18352
23 20 48211
24 23 95929
23 19 56815
23 22 24929
20 19 94794
23 20 44429
22 19 12162
21 20 64803
24 22 69956
21 21 83606
19 20 73030
24 21 32254
20 20 21647
20 23 81386
23 21 1791
23 22 60524
23 24 59279
21 20 34807
23 20 49834
19 24 52792
23 20 53344
23 22 45210
23 22 11017
22 22 36853
23 21 38043
24 19 89777
21 41 19081
21 36 72915
23 20 69844
24 25 635
23 48 25980
20 25 91868
23 30 70865
22 35 16141
20 43 84350
20 38 43323
21 35 31000
19 48 73191
23 19 99436
21 21 18638
24 42 29118
22 42 41349
20 21 85877
23 47 63783
20 22 72549
19 39 6281
20 31 86012
19 28 23127
19 25 56986
19 36 36400
20 33 33885
23 44 91432
23 45 97091
24 44 82709
23 40 14946
21 30 24045
21 40 77805
23 37 61846
22 45 71472
23 46 55304
21 41 76358
19 46 72340
24 43 3672
23 20 75134
19 30 4988
22 45 94060
21 37 16509
23 41 13857
23 47 24356
22 45 20873
20 37 62217
19 30 85195
20 23 77671
22 29 76506
24 25 28528
23 30 37488
29 29 95734
30 27 74600
30 28 28322
28 28 22595
25 27 74655
28 26 74427
25 26 82100
28 25 96012
27 25 5555
25 29 7098
28 25 84352
28 27 7811
29 27 45973
28 27 21867
30 30 43147
30 25 87827
25 28 64864
27 29 92262
30 30 19144
30 25 76340
29 25 53747
30 28 44304
30 30 72067
28 26 78503
30 25 74893
27 30 2133
28 25 47964
25 26 94434
29 28 52012
27 29 31714
29 30 11366
25 30 14842
29 25 42946
28 30 24707
26 27 96501
30 28 81953
30 27 64860
27 29 47890
26 25 68590
28 26 97230
27 28 70239
27 30 88691
29 26 50031
28 29 10975
29 30 96708
30 26 54458
30 27 76935
25 25 54423
30 27 35283
27 26 31989
27 29 8963
29 27 72271
26 27 80099
29 28 84679
26 27 19851
29 29 82852
28 28 38031
28 27 57284
30 25 47242
28 25 34236
28 29 88764
30 29 72892
28 30 78617
28 28 37583
27 28 95043
26 25 43065
25 30 95105
28 28 43888
30 25 68689
28 30 70471
29 26 86892
27 29 87017
28 29 887
27 26 3467
26 29 92663
29 30 44557
26 30 64907
27 29 4141
25 29 1208
25 27 68459
30 29 96012
25 30 15283
26 25 85802
26 27 9857
27 25 46773
25 25 57514
30 30 21393
25 30 6650
25 27 6340
27 27 55497
27 29 60880
30 25 18561
25 27 59420
26 29 81718
29 28 19920
28 30 82386
27 27 44793
28 29 17713
27 28 39718
30 27 19982
25 29 54172
27 25 65963
28 30 64151
27 29 63317
27 29 90011
29 26 822
27 25 81346
26 30 64478
30 26 75618
30 30 23906
28 28 40468
29 28 34055
26 29 82468
28 28 88290
29 28 62013
26 28 98676
25 29 8091
30 27 76683
28 28 14274
29 27 87676
27 26 3249
27 26 61393
25 25 29930
29 29 50045
29 29 9292
26 26 38462
26 27 84853
29 30 65749
25 28 25704
27 27 14795
25 26 56236
28 28 50403
27 28 83780
29 30 35368
26 28 19063
26 29 58992
26 27 55214
27 28 67803
30 28 28671
26 27 72990
26 29 74085
27 26 13658
28 27 72856
26 30 5654
25 25 97318
25 25 89664
25 25 59435
27 29 82700
27 28 72146
29 25 17990
27 25 34608
29 27 49750
30 29 19417
29 29 82267
25 28 3731
30 29 24089
27 29 78841
28 27 45647
27 29 49234
28 28 46248
29 27 96298
28 28 88616
26 25 10460
29 30 96772
27 30 64323
26 28 7584
25 30 7087
28 30 25321
29 27 54716
27 27 20412
26 29 51560
28 30 92803
30 28 6898
27 28 52151
29 25 6614
28 25 52771
28 28 57263
29 25 23125
26 27 1478
26 26 95669
25 29 13192
29 25 32349
25 30 24759
30 28 48733
29 26 90758
28 29 21906
28 28 63251
28 30 65490
27 29 47329
28 30 22487
26 25 54094
30 29 51774
26 27 49395
25 26 16701
28 26 62684
25 26 60039
30 30 21855
28 29 15088
27 25 90668
27 27 40495
27 25 27882
29 30 19916
25 26 57110
29 30 66201
30 28 28150
30 30 53915
27 26 81549
28 29 49739
25 25 64809
28 28 55016
26 29 30218
29 29 41461
29 25 9057
26 30 83969
29 27 66052
25 28 43521
30 30 1470
30 30 59388
28 25 69423
28 26 90051
27 43 5589
26 26 71518
29 34 31787
29 39 91764
28 39 68012
27 32 23352
25 31 25401
29 43 29825
27 47 43114
26 40 63948
29 26 37083
28 40 79166
26 38 52011
30 41 65603
30 34 90455
26 25 46937
26 32 17815
27 47 99460
28 37 67064
30 28 79683
27 44 92042
27 43 71776
30 41 43141
27 47 91211
29 26 64219
28 47 5896
30 44 34557
27 29 61165
29 34 4700
29 46 19927
28 36 99996
27 25 54308
26 36 90682
25 47 50123
26 30 52317
30 44 10496
27 31 65421
26 30 69961
28 39 28124
28 35 55369
28 40 80660
30 39 54933
25 48 65545
27 32 81735
30 34 72249
26 31 43029
30 39 40206
26 48 51660
28 45 18979
25 46 40934
32 32 16655
31 32 3382
33 35 28276
36 32 34608
35 32 79790
32 34 5367
35 31 85228
32 34 74215
32 36 67676
33 36 45296
34 36 96612
33 31 91578
36 36 88740
31 34 13840
31 36 78709
31 32 458
34 35 34986
33 32 46913
36 36 8676
36 33 19402
36 34 31681
34 34 97540
33 36 71066
31 35 86194
35 34 43025
32 35 36389
36 36 60212
33 34 86185
36 36 46369
35 35 11708
36 33 91895
35 32 39203
34 34 31007
33 32 95243
34 31 7151
36 31 83945
32 33 17904
35 33 58366
31 36 27301
31 35 64876
31 34 33928
35 36 62191
34 35 42465
31 36 64656
31 32 8234
35 34 6903
36 36 85826
32 34 34969
35 34 89393
32 36 68802
33 32 62796
33 35 60364
34 31 9728
36 36 58763
32 31 68030
34 33 43352
34 34 47975
33 32 62830
35 32 33850
32 34 24464
36 32 63020
35 35 74634
31 34 11189
33 36 48353
33 31 89868
34 34 80
32 36 88530
35 33 56269
33 31 4391
32 36 7461
31 31 5613
34 33 26322
31 35 75546
36 33 10673
31 33 16805
33 31 95971
34 32 32898
32 35 9672
31 32 4060
33 31 86011
31 31 83177
35 32 70564
31 33 31291
33 35 2091
34 36 12497
36 32 7956
33 32 70732
33 34 18386
36 35 10513
32 32 34175
31 36 17531
32 33 48557
35 36 49398
36 36 63965
31 36 41328
35 36 81483
31 33 44009
32 34 9002
31 33 2952
35 32 3489
32 33 9870
34 34 64293
36 31 90663
36 33 44911
32 36 22887
32 34 78055
31 33 3500
36 31 76820
35 33 68744
36 34 8090
36 34 29307
31 31 43609
32 36 50885
31 34 992
36 31 31918
34 36 48851
36 32 3854
34 34 85679
32 34 75748
32 35 15484
33 31 33433
33 32 49803
31 31 76664
34 33 16858
31 34 76627
31 31 66524
35 33 75564
34 36 22513
34 31 42983
35 33 59907
31 35 85447
32 32 21856
31 35 64081
35 32 39919
31 34 64069
31 35 79941
31 34 40224
34 32 2516
35 36 12370
31 34 42627
31 35 32449
33 34 76749
31 31 93945
35 34 43172
31 34 3928
33 33 9137
33 31 12659
32 35 69128
31 32 67674
35 35 5688
35 36 74323
31 36 26966
31 33 47152
35 34 4055
36 36 93971
32 36 92380
34 35 3004
36 35 22186
33 32 92803
33 34 56556
34 32 22530
36 34 25669
33 32 58253
32 34 72960
34 35 8917
32 33 73621
34 34 16907
34 35 75281
31 32 44399
31 31 42539
34 33 93150
31 31 75184
35 35 35625
32 31 88950
32 34 96431
36 32 58358
32 35 80477
31 36 94992
31 36 96933
33 33 79119
32 36 23373
34 36 46243
36 31 13201
35 31 7402
34 31 90851
33 32 18164
33 31 45942
33 31 7508
36 31 20778
31 33 96441
34 32 49698
36 32 25288
36 33 16980
36 34 27324
33 31 38526
36 31 29729
36 34 76450
36 34 86714
31 33 73054
35 35 95984
33 33 48474
31 35 71344
36 33 74457
31 36 29901
36 32 94105
33 36 51759
32 33 55887
35 32 18953
34 32 20370
36 35 85176
31 36 53813
33 34 51231
33 36 66432
31 34 66416
34 34 80475
32 36 72735
32 32 18636
35 34 97192
33 32 4310
32 34 53737
34 32 93206
36 47 14037
36 40 7318
31 42 55209
34 46 98115
35 40 47424
31 36 52612
34 37 78943
33 44 89913
31 44 57250
33 46 40493
32 32 88049
35 46 12114
33 37 80946
36 41 53735
35 46 55661
36 42 53727
36 44 47577
32 39 33717
35 40 36466
31 41 24402
34 44 47223
35 31 34657
34 38 96427
35 32 50260
35 32 83559
32 40 23562
36 32 50715
36 31 40443
36 31 59631
35 37 75865
35 41 59846
35 43 74360
32 44 46847
31 35 16780
34 36 34009
33 42 59635
35 34 87161
32 43 58349
31 35 95614
35 39 10761
36 33 78468
31 36 82198
33 38 50033
33 40 98455
31 32 93194
32 32 17995
36 43 14540
34 33 19720
33 47 80096
38 39 39859
41 37 87897
41 40 47374
40 39 38604
41 39 36373
42 37 75178
38 38 9912
41 39 83560
41 39 63156
39 37 93437
40 39 39768
38 41 41680
37 42 49161
40 42 43684
38 37 71972
40 41 73832
38 38 96099
42 41 2259
37 39 48549
39 38 62850
37 41 76001
42 41 39860
41 40 59430
40 37 96402
40 37 54169
39 39 27036
37 39 28206
38 41 84519
42 39 29107
40 40 3890
40 37 67373
39 39 58113
42 38 33819
40 40 21904
41 40 16462
39 37 73435
38 42 92608
39 41 17835
39 37 12096
39 39 97910
40 39 74050
38 41 53562
39 37 21538
39 40 75152
38 40 24320
41 41 51585
40 38 701
42 42 61186
38 41 5324
41 38 73522
40 42 13828
42 40 90037
38 41 99360
40 40 28512
40 41 75235
40 42 64831
39 39 76051
37 37 59881
38 39 43495
42 39 80393
40 39 48309
41 42 41685
38 38 15358
38 39 65101
37 42 71870
39 42 21957
38 37 30457
42 39 83338
38 40 67680
42 41 76523
41 41 8514
40 40 65398
38 42 67982
37 41 86163
37 37 98247
42 42 29032
41 37 5410
37 41 20728
42 40 21611
37 40 26099
40 38 79739
41 38 6464
41 41 48244
41 42 88865
39 37 49120
38 39 67364
37 39 33164
42 39 63506
42 41 1757
40 42 67796
41 38 95742
39 42 3216
37 41 69878
39 41 41943
38 42 9917
40 40 50070
39 39 50759
38 37 75783
37 39 14356
37 41 63402
42 41 99186
39 38 9373
38 38 36907
41 42 52956
41 39 52397
39 42 51133
41 39 60245
37 42 47403
42 40 41944
38 40 41634
37 38 34957
38 38 73092
42 41 37287
38 39 72054
40 39 72627
42 42 33996
42 42 53115
37 37 52031
40 41 24593
37 42 71789
37 41 36484
37 40 33063
40 39 72088
41 42 44897
38 38 30818
38 42 26897
42 37 20362
39 39 97050
42 42 91637
39 41 13545
37 37 3154
37 38 89520
39 40 3607
39 39 10592
40 39 64530
41 39 46687
39 37 20064
42 39 74410
39 40 92617
38 42 11964
38 41 14643
39 39 24666
40 41 34158
42 42 30329
39 38 99962
40 38 26223
41 38 20098
38 39 64835
37 41 30512
37 37 27043
38 38 80524
37 38 17461
42 37 66012
38 41 37161
42 39 22337
37 38 59520
42 42 27414
37 39 42085
41 38 84897
39 39 83586
38 37 30593
39 39 74145
42 37 77683
42 41 67513
39 39 32464
37 40 17392
39 40 39620
42 41 91613
37 40 70845
41 42 95527
41 39 42277
39 40 72405
41 40 22834
42 39 88208
42 41 88509
39 42 70606
38 41 46827
42 37 38676
41 40 34408
42 41 97151
42 37 10473
38 40 55279
37 37 85545
41 40 78974
39 38 40984
38 38 70823
40 37 88537
38 40 56223
42 42 65138
37 42 7031
42 39 55838
39 41 64230
41 42 34174
38 42 96539
39 41 25450
37 40 7251
38 40 53470
37 41 41925
38 39 67857
38 39 56424
37 40 58479
40 37 40182
38 42 10056
37 42 1775
38 39 96857
39 39 71848
38 39 50899
41 41 57358
41 42 92047
41 38 46694
37 39 93281
39 38 59694
41 41 75801
41 40 12400
38 39 16796
39 38 12689
37 40 86179
39 40 69096
40 38 59572
37 42 17059
40 45 6328
41 47 78917
41 45 79041
39 39 9732
39 41 86148
38 44 21774
40 40 67569
41 41 55872
37 45 23218
41 40 99205
37 41 52200
41 46 76854
39 45 93309
39 43 3447
42 46 15643
41 42 6221
41 39 33193
40 43 55823
39 38 42198
42 40 66194
37 43 5130
38 39 49847
41 45 30103
40 38 39878
41 37 19567
39 42 15034
39 38 87082
40 44 89169
38 42 66034
40 41 51411
37 42 59093
40 41 68374
38 43 2252
40 42 84737
38 38 42284
37 42 83526
40 41 51429
40 42 92416
40 45 28150
40 40 47399
37 38 57778
39 38 50121
41 48 31890
40 40 80240
39 39 50223
40 42 49119
37 40 53976
37 47 6189
37 46 64315
41 43 34300
48 47 85684
44 44 96329
47 48 30277
45 46 72348
46 44 73270
43 48 81946
48 47 74120
45 45 1923
48 43 45804
47 43 85550
47 48 53763
48 46 36552
47 48 12489
45 47 65554
45 47 24894
45 46 38428
44 46 19566
46 44 82225
44 48 66885
46 48 96395
43 44 37971
47 46 36961
45 46 25005
48 43 97473
45 46 80680
46 46 11833
48 44 94800
43 45 95715
45 46 92171
47 43 30963
46 45 66301
47 48 73235
47 46 14692
48 44 29858
46 44 93949
48 48 51275
45 43 95052
47 46 5278
44 44 53050
47 47 44046
44 45 51653
45 48 26465
46 45 85556
45 47 54778
44 43 74284
48 47 18796
45 45 26668
47 47 92075
48 48 78912
48 44 82913
45 44 39451
46 46 35123
44 46 86301
48 43 86368
47 46 67135
47 45 98679
47 45 36732
45 45 60564
47 46 42202
44 47 43007
46 43 93427
48 47 53503
45 46 67591
47 44 40032
47 43 24503
45 48 28355
48 43 8543
46 44 44980
43 47 87342
46 46 59326
44 44 3583
47 44 32632
43 43 70253
45 43 59583
45 47 20068
45 44 39058
47 47 74084
43 47 81161
48 43 43463
47 43 3307
43 45 41212
48 48 53871
44 43 197
48 46 29021
45 45 60852
43 43 79088
48 43 71413
44 48 83318
43 46 98154
47 43 65167
45 46 59385
44 46 19482
43 47 9823
46 47 83853
45 45 19581
47 43 51180
47 46 21254
47 43 41643
45 48 69553
47 46 18851
47 44 49232
45 47 96466
45 47 30811
47 47 73803
44 43 60197
46 43 8342
48 45 51746
44 43 62308
48 43 56940
46 47 92870
43 47 98462
46 46 20558
47 46 86263
47 48 48447
46 47 85975
43 47 91874
45 47 56733
48 45 52020
43 43 54789
46 45 49892
43 43 49142
44 46 64021
45 46 77255
45 44 55712
47 46 92570
46 48 50748
44 46 4367
45 45 93088
47 47 66191
48 48 22078
44 46 36804
46 48 13751
47 46 71038
45 46 93756
46 47 24062
44 47 84785
44 48 96882
44 48 16851
45 46 62389
48 48 61755
44 47 87232
46 46 72124
45 48 76014
48 45 14865
47 45 80170
47 44 4110
47 47 26822
46 44 10932
48 45 74292
43 46 68650
43 44 5120
48 44 1319
48 48 37519
46 43 88385
43 44 8557
43 47 85207
43 45 41847
43 48 53430
46 45 17511
44 48 8702
48 47 69317
48 44 68976
44 43 23412
43 44 23261
44 46 93585
47 47 37999
47 46 61498
46 48 61781
43 45 97408
44 45 75573
46 45 41365
44 46 97441
44 45 39194
45 46 81411
46 47 57477
46 44 28990
47 45 31499
47 43 49382
47 46 97428
45 47 86666
48 48 40897
48 47 66610
47 48 48265
48 45 75303
47 46 62139
45 44 50592
46 43 30584
47 48 65413
46 48 59828
47 45 90463
43 45 66377
47 46 9129
46 48 8047
47 43 98049
48 46 9758
44 45 95924
47 46 92480
45 46 35799
48 45 39698
45 48 72838
47 45 70484
48 47 72002
44 44 30821
45 48 35713
46 44 12446
44 44 18818
44 45 82056
43 47 51539
47 48 72429
44 48 35775
44 44 93601
45 43 97505
47 47 57712
46 48 30240
47 45 40172
45 43 99704
45 48 85288
47 48 57224
46 48 92893
47 47 23702
48 44 60669
47 43 59893
48 48 10254
46 47 94670
46 46 92314
47 43 62494
47 48 82098
45 48 24650
44 44 75721
43 48 76846
43 47 78050
48 48 57719
43 47 37789
44 46 82077
44 48 16086
48 46 47708
43 43 3
45 46 89589
47 47 97164
43 43 80305
48 43 72911
46 47 529
47 46 16305
46 46 28374
48 43 46294
48 43 21451
44 43 94369
44 44 90468
47 48 25053
48 46 88181
48 47 80534
47 45 62548
45 48 60785
45 43 47891
44 44 75483
44 46 92910
43 43 29074
44 44 49372
45 43 25290
45 44 70303
45 48 2474
48 46 91511
43 47 36010
47 48 95265
47 46 69210
43 45 79971
48 47 58974
44 48 84652
48 48 47562
47 44 42077
431338736
