39 1248
1 1 94876
3 1 24836
1 2 82340
1 1 18844
1 2 34123
1 1 82390
1 2 24798
1 3 77528
3 2 62955
3 1 32080
2 1 51903
3 3 22
3 3 13023
2 1 72203
3 2 16110
2 2 54064
3 2 10333
1 1 82863
2 3 53158
1 1 69160
2 2 80713
1 1 144
2 3 63066
3 1 55674
1 1 1617
1 1 42765
3 2 86486
2 1 17459
2 1 71306
1 3 12484
2 2 96184
2 3 38509
2 3 586
2 3 50988
2 3 93412
1 2 34041
3 1 63178
3 1 19253
1 2 15820
2 2 38110
3 2 68679
2 1 70594
2 2 27358
3 2 53481
2 3 46753
2 2 15614
3 39 74560
2 4 69673
2 21 26236
1 28 29120
2 6 22622
1 26 96782
3 24 65539
1 4 66009
1 32 72725
3 30 25855
2 22 18220
2 1 72332
3 27 65769
1 35 30837
3 33 62793
3 30 19821
3 3 87513
3 35 10765
2 26 66816
1 39 64574
3 28 7428
1 36 49426
1 35 7975
3 28 70189
2 15 44515
1 35 64468
2 31 47118
1 2 45354
2 34 10064
1 1 95972
1 16 3250
3 35 45886
3 11 77373
2 5 84459
2 33 80476
3 1 91226
2 39 28422
2 7 88372
3 39 96896
2 19 45389
2 29 27490
3 2 90993
1 38 65459
1 9 12366
2 10 71736
2 28 46825
1 10 76763
3 20 95973
1 29 68732
3 31 17421
4 5 18271
5 5 42521
6 6 65769
4 6 90937
5 5 77370
5 6 75041
6 6 17410
6 5 37783
4 5 17640
5 4 91639
5 4 1337
4 5 31410
5 6 10340
5 6 19214
5 6 58247
4 6 96197
4 5 9713
6 4 51462
6 4 60650
4 5 5643
5 6 50370
5 6 61199
5 4 56038
5 6 61801
6 6 7503
6 6 52781
4 5 70140
5 4 68345
4 5 1871
6 5 99703
6 6 23570
4 5 42954
6 4 98425
4 4 44167
4 5 92967
5 6 69918
6 6 61172
6 6 39038
5 5 22485
5 6 70869
6 6 87563
5 6 88097
4 4 63033
6 4 70498
4 6 53166
6 5 87860
6 36 93065
5 22 23920
5 17 93467
5 33 16470
4 26 60529
4 27 22257
4 27 6746
4 9 82851
5 27 71646
4 28 894
4 29 24523
6 27 62773
4 16 66126
6 11 44032
6 6 28131
4 4 58862
5 14 94230
5 19 39994
5 9 91652
5 9 60314
4 21 26963
4 21 32542
6 15 64957
6 6 48299
6 29 74473
5 11 42882
5 16 89965
6 4 97083
5 15 62654
5 8 12383
5 24 90
5 36 20838
4 8 17951
4 9 15996
6 9 52904
4 9 16165
5 30 10368
4 30 96372
4 22 45991
6 13 50319
4 14 4681
6 38 68692
4 26 66014
5 4 45130
6 19 69849
6 19 46192
5 23 20979
6 12 6641
4 34 96638
6 7 36392
8 7 54574
7 8 67836
9 8 35143
8 8 73436
8 8 1279
8 8 13464
9 8 82077
7 9 72657
7 9 32696
9 7 66809
8 7 82189
9 8 3042
7 9 77353
7 8 96614
7 9 10522
9 9 73258
7 7 18443
9 8 17099
9 9 41284
7 8 74060
7 7 39080
7 9 63923
8 7 54429
7 8 51615
7 9 60673
7 9 51316
8 7 42948
9 7 93254
8 8 72725
7 9 40963
7 7 75683
8 8 60721
9 8 77096
7 7 80224
9 7 81095
8 7 31548
7 9 91304
8 9 16267
7 8 74985
8 8 6487
7 9 73947
8 7 63420
9 9 59509
8 9 10208
9 8 50619
9 7 93781
9 21 27660
7 24 31604
7 20 35651
9 35 47187
9 21 81983
7 16 766
9 31 12643
9 31 96246
7 21 19647
8 28 10881
7 12 42365
9 18 44515
8 7 56575
8 9 55957
7 22 81308
9 26 79086
9 16 58595
9 37 36237
9 30 86152
9 24 91476
9 31 8125
9 30 11315
9 20 93935
8 8 25469
7 20 60323
8 32 5208
7 7 16672
7 38 1911
9 27 38675
9 8 13374
8 21 431
9 14 70462
9 34 20052
8 24 61690
9 25 98854
8 22 38292
9 9 59209
8 18 67379
8 14 11140
9 13 25741
7 24 2739
8 12 51893
9 8 34475
7 9 98925
8 13 42486
9 18 55746
8 36 80919
8 20 29295
8 26 58405
8 12 5301
12 10 42553
10 11 3283
10 10 85853
10 10 876
11 12 78078
12 11 38385
10 10 28504
10 11 20134
12 12 92331
11 10 29939
10 11 96220
10 10 61880
11 11 31301
11 11 87925
10 12 4373
12 10 36806
10 11 62493
10 11 24882
11 11 73995
11 12 81091
10 11 8856
12 12 2042
11 12 10703
11 10 78274
10 11 62507
10 11 53112
12 12 87193
10 10 26698
11 11 85862
11 12 50971
10 11 41084
10 12 88757
12 10 15361
11 12 29948
12 12 68359
10 12 78978
10 10 37318
11 12 95538
10 10 57974
11 12 90630
10 12 6732
11 12 44564
11 12 75439
12 12 25127
11 12 28017
11 10 81776
12 32 18867
12 33 30854
10 37 53710
12 27 37073
12 13 70030
11 20 27419
12 10 53684
12 14 11169
11 34 20251
11 22 9792
12 26 78155
10 34 37378
12 27 76095
10 22 30403
10 19 96113
11 31 50682
10 33 78627
12 37 10312
10 16 90755
11 35 92458
10 24 74257
10 13 66789
10 10 34431
11 23 23409
12 16 56281
10 31 74097
12 20 59290
10 11 94697
12 22 27128
12 22 7474
12 24 73622
10 11 27277
10 29 31310
10 18 20324
11 22 73917
11 33 49443
11 15 9075
12 36 4605
12 38 2616
10 10 42562
12 37 20764
10 13 84429
12 34 1567
12 20 45030
10 31 91869
12 22 92851
11 27 11189
12 19 64411
12 10 28795
10 20 81880
15 15 28464
14 15 30101
15 14 87575
15 15 55326
13 14 5075
13 13 46082
13 13 58772
14 15 60358
13 13 12675
13 13 50759
14 15 97220
13 14 48876
15 13 15667
13 13 13201
15 13 58917
15 13 76591
13 15 96449
13 13 81312
14 14 91369
15 14 16545
15 15 81610
15 13 40213
14 13 20061
13 15 75365
14 15 64784
13 14 83328
15 13 21149
14 15 79588
13 13 23571
13 15 32907
13 13 92121
14 15 68630
14 14 43327
13 15 39355
15 13 83427
14 14 72065
14 13 72757
13 13 3329
13 13 52233
15 15 61909
14 14 45392
15 13 961
15 15 44486
14 15 55418
13 13 6957
13 15 50873
14 37 20442
14 14 56287
15 19 41839
15 38 30368
15 14 56568
15 39 41982
14 18 2149
14 32 18565
14 19 34326
13 25 68757
14 31 23396
13 34 69329
13 28 64252
15 22 46474
13 24 92699
15 27 6548
14 25 25626
14 37 96324
13 19 67626
14 23 97858
13 34 51616
13 28 88026
14 23 6064
15 18 17819
15 31 66379
14 33 91478
13 33 73049
13 30 50537
14 20 24115
14 22 92862
13 28 74541
14 35 81752
15 21 73
13 29 25199
15 16 68161
14 24 30365
14 33 83512
14 33 63363
15 22 876
13 16 69428
14 34 22612
15 36 33540
13 31 23640
13 24 86587
15 21 71339
14 13 87148
14 15 32982
14 37 33968
13 31 88268
15 13 89206
18 16 30479
18 16 90865
18 16 88456
18 16 37350
17 18 67638
18 17 364
18 17 18561
17 17 75864
18 16 37325
17 16 65470
17 18 34433
17 16 57575
16 16 88225
18 16 70234
17 16 69535
18 16 724
16 16 64173
17 17 10222
17 16 91845
17 17 68614
16 17 38797
16 17 92115
16 17 99746
16 17 34287
17 17 98941
16 16 84138
18 16 15441
16 16 89302
18 18 32093
18 17 49684
17 18 18048
18 16 20234
17 16 21136
16 17 59498
16 17 17616
16 18 62969
18 17 44795
17 17 12634
18 17 27275
18 17 53140
18 17 24032
17 16 3157
18 16 43526
18 16 21230
16 16 43420
16 16 48152
18 39 71457
16 24 30127
16 34 43101
16 26 58196
17 27 22458
16 30 33070
18 19 65218
17 34 98849
16 23 82341
18 23 77847
16 37 30460
18 30 91289
17 24 3206
18 37 27212
16 24 47263
17 24 41883
17 37 51985
17 17 6083
16 25 86422
16 28 32563
16 21 82547
17 35 46019
16 18 88553
17 17 81901
16 20 41012
18 23 25392
18 20 29754
17 17 26883
16 28 54268
17 28 55269
18 33 95477
17 37 75396
16 34 51692
18 17 60993
16 32 12596
17 24 79407
18 17 70069
17 30 9472
17 31 89685
18 38 78852
18 18 91720
16 36 32164
17 37 15487
18 19 66229
18 26 65830
18 35 93770
17 20 65606
16 29 21886
18 39 62981
18 21 56631
19 19 24417
21 20 47719
20 21 47828
21 21 12885
20 21 72175
21 19 25724
19 21 13387
20 20 5395
21 20 68632
21 20 41340
20 21 39094
21 19 90656
21 21 56867
20 19 89644
20 21 92468
19 21 72724
20 19 90128
19 19 73092
20 19 79070
21 20 85320
21 20 75342
19 19 56454
20 21 28686
19 20 81020
19 20 89174
19 21 59445
21 19 99047
19 21 27557
21 19 35063
19 20 26811
21 20 87628
20 20 96158
21 21 15611
20 20 73892
21 20 33989
21 19 83556
20 19 97555
20 21 85899
20 20 33844
20 21 37942
19 20 46241
20 19 51169
20 20 71742
21 21 59603
21 21 3112
20 19 32588
20 28 58548
19 24 55628
21 32 27193
20 29 23980
21 36 99363
21 38 31614
21 27 58257
20 27 88428
19 20 20583
20 32 94925
20 25 52618
19 31 57160
21 25 57182
20 35 34528
19 24 86627
19 26 37967
19 19 61914
21 33 21172
21 34 2845
19 31 32376
21 37 99545
19 22 19292
21 30 80256
20 32 4786
21 20 55535
21 30 75866
20 22 43923
20 21 53552
20 34 9170
20 33 36227
20 30 64097
20 25 34021
20 19 21156
19 21 36829
19 26 94789
20 39 83524
20 33 85653
19 31 24958
19 22 1781
19 22 98318
20 23 96778
20 22 55413
20 21 30103
21 37 12487
19 37 79547
20 29 14118
19 34 60953
19 22 28789
20 20 35280
19 24 18709
22 24 39648
22 23 38371
22 23 33168
22 23 51451
24 23 84254
23 22 34526
22 22 27734
22 24 70973
22 23 62168
22 24 48223
23 23 49178
22 23 23309
24 22 78198
23 22 57164
23 23 44448
23 23 26546
23 24 73361
22 22 12768
24 23 74819
24 23 41313
24 23 5538
23 22 44815
22 24 86409
24 22 43360
24 22 65605
23 23 66373
24 24 38283
24 22 75986
24 22 53668
23 24 25348
24 22 32574
23 22 90193
23 22 28821
22 23 27594
24 22 40702
23 23 32552
23 24 81438
23 22 7025
23 23 66416
24 24 14642
22 23 59606
22 23 40529
22 24 29796
24 22 93761
23 24 10620
24 24 99722
23 39 36019
24 24 50122
24 23 97687
24 22 22360
23 36 62201
24 28 26853
24 35 61904
23 33 57999
23 38 93994
24 33 25827
22 36 45738
22 31 40113
23 24 68448
24 29 70794
23 26 86545
22 29 33517
22 25 53044
24 24 74137
22 39 87778
24 38 51005
22 32 59703
22 36 38866
22 29 99595
22 35 3196
23 30 54490
22 26 18813
23 38 20166
24 22 31579
22 33 13025
22 29 87033
22 35 67684
23 29 74768
24 24 71601
24 26 62403
23 31 73085
24 36 17950
24 34 23995
22 37 44430
24 37 43464
23 27 75547
24 38 13991
22 22 6259
22 24 46196
23 25 57073
22 25 73604
23 38 95884
22 26 63760
22 27 66199
23 34 57007
23 27 95562
27 27 33735
27 27 19802
25 27 61868
26 25 20157
26 26 20692
27 26 46063
26 27 44534
27 27 79511
26 27 92695
27 26 58200
25 27 68597
25 26 87846
27 25 2613
25 26 26065
27 25 93565
27 26 68837
26 27 20954
27 25 51612
27 27 67028
26 26 26366
27 25 75164
26 25 39890
26 27 92772
27 27 99811
25 26 25348
26 26 16807
25 25 59166
27 25 83540
26 27 87723
27 26 33316
26 26 19070
27 25 90719
26 26 13669
26 26 19591
25 25 44993
25 27 13919
26 25 25746
25 27 98565
25 27 62664
25 26 79252
27 27 2316
27 25 35879
26 26 92425
27 26 6880
27 26 89675
26 25 92839
27 37 56781
27 36 83890
25 28 60407
27 27 32394
25 36 22196
27 38 85548
26 36 82257
27 34 19826
25 39 56439
25 37 17404
27 34 87431
25 26 90085
26 38 55269
26 29 5786
25 33 64829
25 27 97671
26 32 52874
25 29 61019
26 35 82253
26 34 67886
27 39 15804
25 39 54657
25 35 87568
27 37 62553
27 33 13864
26 27 36177
27 32 11822
25 25 10180
26 28 17951
27 39 39119
26 37 24307
27 33 50583
25 35 74856
27 29 26682
26 35 89591
25 33 43954
25 33 9007
25 27 26779
26 35 76485
25 38 94390
27 28 1177
25 37 6532
27 27 68975
25 25 37873
27 34 94131
26 25 36232
27 36 29106
25 25 44701
26 27 75240
26 37 92749
28 29 6934
29 30 80185
28 30 66661
30 28 86042
30 29 97325
29 30 98517
30 28 67258
30 30 16925
30 29 27587
28 30 89156
30 28 76753
30 29 81800
29 28 54013
28 28 75057
28 30 47805
28 28 66806
28 30 28364
28 30 19169
28 29 78501
30 29 79914
28 28 47867
29 29 39528
29 28 38492
28 29 33155
29 30 10688
29 30 90967
30 29 94540
29 30 68248
30 28 92797
29 28 20649
29 30 54005
29 30 14685
29 30 91582
28 28 98803
30 29 85121
28 28 87014
30 29 57798
28 28 92210
30 28 10133
29 29 67593
28 29 60603
30 30 85949
30 28 1452
28 29 82547
30 28 459
28 29 68773
28 29 2123
30 34 89264
28 29 79251
30 29 12647
28 37 67717
30 31 63374
28 28 95954
30 30 43663
30 32 19874
30 31 94475
28 38 31029
28 38 6821
28 28 92640
29 38 69721
30 31 52314
29 37 66135
30 30 5282
28 29 53212
28 35 6980
29 29 88167
28 33 58811
29 31 86126
30 37 15906
30 33 21266
30 32 90716
28 39 7565
28 34 51263
29 31 20513
28 38 37884
29 37 46093
29 29 47286
29 36 68364
29 36 57744
29 33 31986
29 29 94271
30 35 40996
29 36 57594
30 32 80182
28 28 65752
30 29 70364
29 29 82149
29 32 93933
28 39 28900
29 32 51951
28 30 9278
30 29 39161
29 38 88113
28 31 48225
29 28 3951
28 37 39518
31 32 58652
31 33 63244
32 32 61693
33 32 80390
32 32 8734
32 33 58525
31 33 40607
31 31 60321
32 31 47567
31 31 81793
31 31 83000
31 33 89725
33 33 48644
31 31 28287
31 31 88205
31 32 49746
33 33 13613
31 31 38358
31 31 8688
33 31 16109
33 33 74790
32 33 81265
31 32 41595
32 31 58772
33 31 1579
33 33 69531
31 32 368
31 32 23493
31 32 36876
32 33 40270
32 33 80222
33 33 17516
31 32 76678
31 31 29471
32 33 4411
31 31 9573
32 33 90267
32 33 76622
31 32 58251
31 31 14289
31 31 59238
32 33 30394
31 31 84735
32 32 62764
32 31 91498
32 33 81243
31 37 14724
31 36 94413
32 32 23866
32 39 68863
33 34 47613
32 37 51362
31 33 86784
32 37 83634
33 34 3750
31 38 20864
31 35 14543
31 35 36177
32 31 60093
32 39 28657
32 32 36684
31 31 77498
31 39 90686
31 35 9852
31 35 7664
33 38 74958
31 39 50926
32 34 42133
31 39 29598
31 39 65193
31 38 1290
31 39 80898
31 31 39456
33 36 33985
31 35 20500
33 34 46367
32 35 10718
33 33 73093
33 31 58158
31 33 12627
33 39 19471
31 33 64032
33 39 76825
33 34 48644
32 34 24974
31 37 38802
33 33 33552
33 37 61220
32 39 14664
31 32 67579
31 32 50870
31 35 89910
33 32 63620
32 34 23354
32 34 27230
31 38 3879
35 34 70920
35 34 32116
34 36 63741
36 35 36894
34 36 2850
35 35 64975
36 35 74496
36 35 48425
36 34 21879
36 34 41951
36 34 31229
34 34 84930
35 34 69942
35 35 55669
34 35 64399
35 36 82252
34 36 21743
35 35 96388
35 35 77624
34 34 47962
36 35 2347
34 36 58608
36 36 80669
36 35 63451
35 35 29149
35 36 38168
36 35 61010
36 36 11456
34 35 7343
34 36 34743
34 35 58505
36 35 96082
34 36 78034
34 36 84471
36 35 38663
35 35 5728
35 36 35025
36 34 29217
34 34 87797
34 34 74465
34 36 90089
34 35 82570
36 34 78108
34 36 24490
34 34 77187
34 35 78172
36 39 64236
34 36 85729
35 39 83328
35 38 13136
36 36 39183
36 34 30096
34 36 38310
34 38 12530
36 36 57163
35 36 6042
34 35 22015
34 35 68803
36 37 27067
36 34 42694
36 36 2079
34 37 26526
34 37 65887
36 39 50175
35 36 27110
34 36 73447
34 36 18386
35 35 58517
35 38 75461
35 38 89752
34 34 97468
36 37 39768
34 38 49702
36 34 5524
35 34 95254
35 35 63307
35 36 66794
36 39 16410
34 37 14860
35 36 34357
34 36 93971
34 37 7484
34 36 72880
34 37 65709
34 35 80323
34 37 35325
35 34 22564
35 34 32639
35 38 34081
35 37 18284
35 36 47713
36 34 61038
36 38 95605
35 37 84969
36 34 77264
35 36 98741
39 38 5014
38 38 67678
38 37 17133
38 39 70587
37 39 35151
37 39 41719
38 39 33920
38 38 33478
38 37 45696
37 37 906
37 37 33500
38 39 24775
38 37 41571
39 38 95416
39 38 99301
38 37 2723
37 39 99044
39 38 20678
37 37 12292
39 37 54197
38 38 34714
38 37 59843
38 39 63623
39 38 23891
37 39 65145
38 39 5931
37 39 9793
39 38 44403
39 39 69835
38 37 93713
37 39 28578
38 39 78387
38 37 47999
37 38 26589
38 37 47716
38 38 87580
37 39 34389
39 38 60759
38 38 78981
38 38 18951
39 39 10929
37 38 7908
37 39 97803
37 38 45659
39 37 19416
39 39 38453
39 38 55501
38 39 49662
38 39 10027
38 39 6127
38 37 54
37 39 10487
39 39 29099
38 37 7487
38 39 91097
37 38 75523
39 37 95
38 37 73889
39 39 50054
39 37 25786
37 37 47347
37 37 42185
37 39 83510
37 39 16625
38 38 40845
37 38 46012
38 38 48439
37 38 57502
38 37 31186
39 38 46552
39 38 19383
37 38 56214
38 38 11484
38 38 52737
38 38 7584
39 37 77581
37 39 56221
39 38 80902
39 39 82064
39 39 66581
37 38 87065
37 39 3904
38 38 42668
37 37 85934
38 39 15630
37 37 39683
38 38 95053
39 38 18148
37 37 13194
38 39 29283
37 37 77631
39 39 82011
37 38 57371
37 38 54319
39 38 90468
37 38 13543
872070353
