34 144
27 21 61246
15 1 97455
1 26 55999
10 9 61392
32 4 74452
16 11 947
14 8 92730
8 21 2495
26 1 75335
16 22 63114
24 26 58396
32 19 38399
21 22 937
34 34 84081
31 13 70538
13 23 51835
33 24 67214
19 24 25277
29 30 92406
26 5 86888
12 2 56097
27 16 66853
27 33 50468
2 33 77696
22 17 42762
30 11 7313
30 21 91019
13 6 61606
28 23 25620
21 12 86463
30 30 76898
10 10 88215
10 12 47819
9 10 28880
9 12 12589
21 30 25262
12 25 72204
3 30 93116
17 18 70044
14 25 73788
7 29 91676
8 24 71697
16 34 68501
28 29 38234
24 18 23812
1 4 18716
5 33 39442
8 18 52388
32 15 52352
21 8 85443
32 3 82514
9 11 39078
17 7 38826
18 13 19859
15 11 89829
3 30 80481
15 2 35109
1 3 33370
31 18 84510
23 16 96699
21 26 82060
27 25 57230
31 18 84690
34 11 72915
31 7 80718
2 7 2264
22 8 66377
14 33 40042
17 10 70632
27 8 98525
29 12 57669
1 34 129
20 14 44935
14 33 26346
23 23 52773
14 4 96165
25 16 73679
12 34 56989
14 30 87111
24 32 56048
3 15 95691
33 2 99733
20 13 64495
29 21 92546
21 16 74889
33 20 2695
8 20 73946
22 18 15027
33 3 99473
28 18 77064
32 10 77188
1 19 4496
22 1 31848
1 17 8669
20 30 13098
21 22 97914
32 28 86895
4 2 77476
33 33 76250
31 33 18968
23 26 7137
27 26 34379
22 29 7488
4 17 89458
20 15 4772
15 29 50820
25 11 53587
25 31 90597
28 27 79583
33 9 97477
11 19 51060
10 31 67939
25 1 14561
12 2 76529
20 33 55782
27 7 48997
13 20 72141
5 19 87124
13 18 68324
34 30 19066
7 27 11136
33 14 74050
16 20 4993
13 14 5243
7 5 74372
28 13 9617
14 2 64564
28 3 18659
12 11 97031
18 30 58728
2 3 40728
4 6 4907
18 24 85691
3 19 77167
19 3 30234
2 17 52676
22 33 18077
5 10 93079
4 8 86737
21 21 10584
8 27 13508
8 10 21663
13 12 70353
8 17 62224
340633184
