42 1934
21 11 55654
21 19 79197
13 5 24967
8 19 55508
14 11 76335
4 12 28537
4 19 85557
13 7 76020
4 8 89982
1 20 71293
1 12 5153
14 11 32272
3 4 75824
14 5 37635
16 5 33940
7 12 34891
16 13 59759
6 10 82121
5 8 48973
12 10 37927
12 3 42214
21 8 96416
10 7 98464
12 17 82704
15 14 1209
15 18 5132
12 2 97331
17 19 51902
5 9 41191
20 2 19642
12 17 68601
8 17 40245
12 18 61787
10 14 99463
4 2 2378
6 10 8791
7 15 96153
10 6 42370
5 1 2945
9 8 97385
17 14 15917
13 9 92861
18 2 15431
5 2 24172
21 5 18983
10 17 23920
12 15 66097
19 17 2391
17 7 7569
8 10 9253
18 9 14901
6 2 52783
13 5 26827
2 5 62221
17 11 5361
9 5 84964
17 12 69277
4 5 73685
8 9 5110
4 17 63042
1 11 57007
3 18 33779
11 14 60639
20 18 59480
11 19 92216
8 18 72369
1 3 41843
13 18 36885
18 8 17165
10 17 99494
10 17 25857
11 10 79922
18 14 46946
15 13 70582
14 19 65499
12 4 28912
1 19 32754
12 5 41558
5 21 5307
21 15 42993
17 2 79423
7 13 16129
13 1 47703
18 5 43828
13 13 78986
19 16 21682
14 6 33244
3 18 60878
16 18 31909
17 14 81125
13 12 82232
20 20 16160
18 3 9336
13 3 75867
15 11 50106
21 4 50158
2 10 63356
11 17 19829
7 18 76121
5 9 1233
6 21 17725
16 10 85969
13 20 53717
10 10 8350
14 5 68910
9 13 45245
12 1 21803
8 3 11394
14 19 96488
2 8 93287
18 20 68835
13 5 74557
8 6 23116
7 1 52249
21 17 56147
16 19 56465
2 9 77223
14 6 44402
2 6 3390
13 2 95718
16 17 96453
15 16 39960
15 6 37251
19 1 72407
3 9 66656
14 5 84516
7 3 84797
5 12 44941
7 8 19787
8 9 11097
19 14 94845
18 3 47187
21 6 14603
12 14 38512
6 6 94670
5 1 63393
5 9 96383
10 18 51051
4 13 35176
6 20 77826
18 20 76162
15 2 44973
21 18 45331
6 3 22253
21 7 86049
20 20 14413
15 10 6216
9 18 17613
4 18 55226
13 5 33400
17 10 66449
11 13 26184
9 13 11050
7 14 71687
16 3 54076
3 9 97475
4 3 41445
6 8 59854
19 10 95174
6 12 4843
20 7 58384
2 13 93925
9 15 26458
7 14 30474
15 19 77722
18 16 41266
1 12 88135
6 9 63874
17 1 78041
11 2 78016
15 11 4024
16 10 33436
14 17 20381
3 14 53639
9 5 98647
9 19 91901
9 17 1848
17 9 40363
18 5 65544
3 5 24675
6 5 79093
14 15 84391
14 12 87500
5 4 44993
8 5 32503
17 17 31693
20 20 17658
10 4 81812
1 16 48682
1 15 54053
21 7 60676
4 4 55077
10 8 77430
6 17 50715
2 11 45141
11 16 68664
7 8 69910
7 2 47581
19 7 52366
20 21 33801
19 1 27033
9 1 59375
20 13 62512
2 10 65193
10 11 81371
14 15 20486
7 8 96637
7 21 68315
13 2 1986
1 12 27445
16 20 72847
13 18 59499
7 20 49571
1 17 70055
17 10 56113
13 9 30467
12 18 19151
7 18 59160
14 8 64668
3 11 85833
11 6 89338
5 18 86855
19 5 1028
10 12 45889
14 8 50745
14 1 79665
2 1 2755
8 2 17626
9 10 11646
4 3 26792
15 1 57013
7 14 94459
8 17 76352
17 1 83984
21 20 93741
19 6 49516
9 5 60974
16 7 68929
18 14 64971
21 3 38636
10 15 52405
8 3 76254
11 21 32358
13 10 27347
4 20 29304
16 16 49324
18 4 21404
11 2 1128
4 3 48735
1 3 51967
11 2 59186
16 7 10139
4 5 58877
8 11 86101
13 12 92546
19 3 38401
3 20 26799
9 15 933
15 1 85766
4 21 73003
12 12 70804
14 1 35994
6 17 20675
20 20 81501
2 21 59207
3 16 33719
3 12 67938
13 10 84990
12 14 81647
6 4 47616
14 5 65942
9 19 40676
9 20 15138
9 6 59292
10 1 33262
17 3 20856
6 5 95081
12 19 1654
12 21 52096
8 13 95280
17 7 61273
20 1 66591
17 20 93380
12 21 90731
4 9 80747
17 12 53255
11 19 9451
7 16 15450
1 12 52840
1 6 87776
9 9 97183
21 18 96671
7 10 77398
1 11 16823
7 16 33463
5 18 87035
8 21 14394
15 11 45884
12 4 5637
9 17 50083
15 9 82455
16 5 58462
18 8 2275
3 17 36258
14 7 34927
21 5 14615
19 9 94128
19 4 9006
13 20 15081
19 2 86302
5 10 21579
18 15 75607
12 2 26932
6 19 43010
2 8 13195
18 19 19221
14 7 64881
13 3 53938
8 19 90173
18 7 17430
13 16 24011
12 13 22714
12 8 63494
14 6 68203
2 8 63333
20 11 17229
17 6 4558
15 6 26715
21 17 16666
1 14 607
19 10 65861
3 14 85860
17 5 40071
18 13 9673
8 8 45933
20 8 9554
21 12 50847
16 20 64491
9 7 32342
4 8 51082
17 4 51119
9 10 26605
20 9 17963
2 7 58759
16 17 38894
17 1 54605
3 5 69032
14 1 88054
19 4 91188
16 21 33447
13 16 28664
3 10 3127
3 20 57472
14 20 78674
17 3 66592
11 1 61338
13 6 27144
18 20 38255
17 20 34767
18 13 31832
13 13 32105
16 5 33247
13 6 59309
17 4 3695
16 10 14767
7 12 93772
1 7 91930
16 8 90426
21 3 32923
7 6 59046
2 12 58542
2 20 35642
11 17 85891
10 4 19258
17 11 79144
17 21 69939
18 2 31234
21 20 83064
1 16 91431
19 12 60716
8 6 18054
13 8 57291
4 16 90701
3 14 35564
16 2 91523
8 19 25147
5 8 717
20 16 45444
3 4 23751
15 17 5816
21 4 14086
19 11 66403
18 5 98493
1 19 71797
18 5 86537
4 7 17991
20 20 21415
18 16 90632
14 16 37137
4 16 2766
21 6 43757
11 17 44923
1 13 96050
1 4 44479
6 12 75222
4 11 68589
6 6 52855
2 3 22498
4 14 21784
11 21 18282
15 16 91759
7 17 66951
12 2 15835
14 20 76711
17 9 55200
17 10 92836
11 16 9721
1 1 59338
11 17 54384
18 7 11980
17 1 79196
20 1 67474
4 19 44253
2 3 69260
6 6 30684
4 3 99280
9 14 1142
12 17 3890
13 3 25480
11 21 95495
14 13 84091
14 6 37835
15 2 25145
11 16 58929
8 10 25308
15 13 41588
2 8 25311
3 9 45840
4 15 81731
21 17 22523
15 7 80011
1 1 83265
9 4 87892
6 21 22980
7 5 25354
4 17 19210
12 7 80520
8 20 3955
2 15 90005
2 4 62320
8 16 17319
5 3 25967
1 18 30395
17 14 14218
5 9 86313
5 6 21141
4 21 50971
16 10 41160
20 17 97949
17 4 79991
2 6 64017
5 20 72007
5 14 69802
10 18 52604
3 5 9699
19 8 46690
4 11 53310
8 10 87128
20 4 94977
6 20 73440
7 12 13364
17 17 98426
4 5 19881
5 12 84032
14 15 54895
3 4 76709
1 7 41397
13 2 4082
18 16 95777
13 13 9686
13 4 78816
11 10 80187
8 11 12391
12 17 2447
7 12 89883
16 19 27237
3 16 33171
1 3 36779
20 2 44465
7 9 77736
15 19 26187
19 10 16063
8 2 91668
12 3 30243
3 18 19565
13 17 93093
6 8 57469
7 5 6303
19 17 8035
12 11 76391
1 11 22906
1 9 34284
2 8 35362
4 12 55534
7 9 17737
20 20 84515
10 20 712
10 7 77948
17 2 21211
1 14 82938
5 21 17146
12 8 48388
20 1 90217
13 8 30201
16 12 52549
15 5 7949
9 20 35558
3 15 49703
10 18 7153
12 20 81993
4 19 39456
5 3 81551
21 1 27681
6 19 65760
21 10 51655
18 8 29731
18 5 25767
1 13 42709
15 10 17561
21 1 56988
19 2 57881
3 6 3763
7 21 79896
11 3 6013
15 7 35411
17 21 55679
11 12 55164
18 2 6468
14 8 66842
4 13 73626
19 18 17995
12 20 5233
18 17 89177
7 16 66854
18 11 30015
10 1 31952
14 17 22750
17 13 86959
9 4 25429
7 13 83543
17 13 82565
18 5 15776
17 16 12794
19 17 79791
12 19 29
21 16 24340
4 14 71781
10 9 7484
1 18 51693
8 17 95591
17 11 14763
16 12 32741
7 3 56102
21 21 51691
15 6 46103
8 4 20287
2 19 86327
4 18 21789
11 3 86866
6 20 54359
11 3 54030
1 3 28004
12 7 39401
13 7 8793
19 19 51095
5 10 56152
18 19 44883
7 1 63505
17 17 86899
16 19 13377
10 15 37362
19 11 11220
19 14 33251
16 4 57388
15 15 20253
3 18 41687
11 19 84792
8 19 11371
3 9 85423
5 11 31024
5 21 60340
5 21 54944
15 14 61162
6 21 985
3 20 10234
2 12 4647
2 2 13290
8 17 47065
17 3 56120
15 21 67476
15 11 33531
19 18 65284
16 12 72946
6 15 67890
19 7 31030
16 7 35343
12 17 28117
4 5 12460
18 20 96478
16 19 42555
16 12 19776
9 13 66987
11 17 33827
21 4 42510
10 9 5153
12 21 78441
21 9 51904
16 17 90920
4 11 80670
17 20 78455
15 18 77526
8 14 76411
13 19 68220
13 9 56384
3 4 92768
12 3 6223
11 13 76537
11 21 88093
13 16 12068
17 8 3882
7 13 43051
19 8 51627
2 12 99706
7 14 83858
13 5 19869
15 1 52856
3 5 84923
7 11 71036
19 5 47755
5 14 22914
13 15 60566
7 13 32577
9 18 63976
16 13 34921
4 17 51639
4 15 86276
18 18 13865
16 20 19994
12 4 12488
11 20 43020
11 21 81693
1 4 41937
4 17 55604
12 21 31272
13 4 24172
21 11 16274
19 4 31132
8 11 38691
9 1 79423
17 18 32446
12 12 64147
13 11 90127
11 11 35691
1 11 57994
7 12 16670
11 7 62126
3 2 77373
15 1 70451
2 4 73065
4 7 11977
6 5 81127
14 15 76440
15 15 51141
9 11 73981
17 18 11838
13 6 38122
6 20 16712
11 2 47249
7 21 67197
8 8 34640
15 13 26785
5 16 67771
9 1 40398
3 13 40623
6 7 45734
4 2 22822
14 6 13170
18 17 5064
2 5 69969
13 2 28011
8 7 55892
19 1 62043
4 1 59578
2 11 46317
6 20 97977
1 9 99784
21 20 10297
11 14 84463
4 6 40008
21 9 56415
20 17 5873
6 7 54753
20 20 9265
17 1 99599
13 4 69544
3 10 40261
15 19 12380
3 3 82811
7 10 83799
11 9 47805
7 18 12732
9 2 53595
19 21 69988
3 5 76612
21 3 56020
11 20 18493
18 17 13551
15 2 70901
13 7 85131
7 2 45634
4 5 86780
2 9 61839
14 1 24963
13 20 9105
18 12 59004
15 17 38379
17 9 79276
9 6 49245
4 19 93937
9 7 17473
17 8 64984
4 16 39897
2 6 15698
4 14 11958
14 10 14423
14 19 17424
3 18 78589
20 2 19151
9 9 3233
4 6 36952
4 14 1241
19 3 74741
3 17 10382
10 16 78791
8 9 23069
12 8 35040
16 14 87666
9 9 32416
21 11 10243
17 11 65992
1 18 8725
9 17 36631
16 16 79471
9 10 29524
11 17 82113
5 15 52703
9 6 20899
6 2 66925
10 20 49438
11 17 92264
10 14 86281
16 7 84895
18 15 47857
14 5 13666
12 11 65318
7 14 52724
20 1 96387
10 3 39261
21 12 1681
19 7 18777
12 8 67576
6 10 31714
3 10 710
4 9 51051
15 18 29950
13 1 99963
4 16 53153
18 8 11
18 14 92509
7 5 84867
9 9 43552
4 17 72254
20 13 50180
1 13 810
18 10 27976
4 19 90754
18 13 18704
12 15 82723
21 4 53823
5 6 1527
13 16 58857
7 15 7949
15 8 54232
20 6 67505
3 13 23208
21 8 29329
7 8 81435
17 19 68244
5 7 13783
11 6 69609
16 10 46938
17 13 98804
10 17 16065
9 4 87939
6 8 11961
13 21 32707
19 8 73687
18 7 36740
2 5 18893
9 12 82345
16 16 88964
19 17 81638
2 7 73766
20 15 55548
14 8 77096
13 12 58374
12 19 80876
12 11 69214
20 10 66422
18 10 88827
17 12 93659
9 21 40001
2 19 23530
1 8 73220
10 5 80781
1 9 28015
3 14 90334
7 11 17544
1 12 13172
2 7 62302
12 3 50384
5 10 43960
19 8 56309
21 8 26597
11 12 93771
13 6 67604
21 2 2571
14 5 30435
15 4 23851
3 10 5735
11 19 832
5 1 34126
13 1 44875
3 18 14556
19 2 34715
21 4 36463
1 10 87248
15 19 25313
14 7 67022
17 1 71234
14 4 66707
9 14 74426
7 11 5866
13 1 92676
9 15 35116
5 18 92406
17 10 57871
16 9 60982
19 14 63922
19 12 33236
3 11 15567
7 15 66800
6 6 6422
14 16 89636
5 8 79702
20 4 58366
19 6 12113
1 7 50290
16 2 42691
4 5 56491
18 14 15264
11 1 12635
14 17 56784
8 1 61104
18 14 90696
11 17 69198
1 5 79770
3 10 68345
19 2 62400
6 13 36744
15 1 32155
6 19 29442
15 21 65187
4 9 95635
15 21 12722
19 11 91678
18 15 95991
5 20 51824
15 6 4274
17 21 67702
4 8 49740
9 7 25811
20 14 58072
17 7 82286
2 16 14893
3 11 11634
13 11 74098
12 11 45320
9 18 5789
7 18 34642
2 20 94787
6 11 96438
16 2 32874
14 5 69288
19 16 2196
20 3 60100
20 5 57679
17 18 57603
2 17 52837
18 9 40324
15 1 47109
14 2 95252
4 17 528
16 18 71419
7 6 31116
13 19 25245
11 14 45571
2 27 99420
10 32 85611
21 5 8461
6 12 77523
2 21 68081
8 12 58044
13 31 40315
3 41 44540
1 26 27674
5 14 8879
18 3 31019
14 25 28392
10 23 68305
12 7 12735
8 26 15528
7 18 30493
19 17 56190
16 29 84353
14 2 50629
21 25 8659
10 11 61525
17 24 88206
21 18 96917
9 32 22067
1 42 57064
5 13 81312
11 32 96469
11 35 34423
17 33 37398
2 22 39250
9 24 96225
3 35 25327
18 27 8929
17 17 15378
9 36 67069
18 3 59845
13 7 563
18 35 83259
19 10 68616
7 4 66285
6 29 45092
19 5 12281
16 7 9701
10 41 72171
14 28 81285
7 38 26493
20 25 54570
10 30 48424
16 24 26683
7 27 96630
24 35 17437
27 24 55539
25 24 99030
41 37 71095
32 29 70407
25 38 87533
38 31 53066
25 28 35212
33 32 61400
30 40 85007
22 23 11865
28 26 95246
22 37 35059
25 32 14017
35 39 51169
41 42 12644
23 28 85332
39 42 64219
23 34 77433
24 42 23644
28 29 24903
27 36 3015
40 30 54908
22 38 94672
23 22 70059
30 38 60983
30 42 38896
40 34 58168
40 39 97001
31 30 75155
37 23 98013
25 32 67782
31 37 65967
42 23 34379
40 25 84548
33 41 77950
41 34 46733
42 34 10556
29 37 35190
41 28 90868
40 27 13137
42 34 20952
30 28 54369
28 38 23751
24 37 5235
28 37 50111
41 41 49379
39 33 30971
22 29 85528
23 33 65043
41 25 50226
27 42 69333
32 42 40395
32 32 84443
29 27 57763
39 30 20182
26 33 99466
40 28 11589
42 40 21206
36 39 79431
32 39 64124
23 35 11397
32 39 50539
30 33 95837
30 38 51635
24 33 4768
24 36 20548
27 24 78940
39 30 73643
28 33 67926
23 23 21402
42 22 11101
31 24 76836
30 23 60849
37 38 55692
37 25 82920
22 36 79521
30 34 67238
27 38 73757
29 22 28046
32 37 40740
26 31 8594
34 27 77887
26 39 62035
32 26 98192
23 41 97056
34 26 11618
32 25 30351
32 36 7861
32 22 15585
32 40 82888
32 29 43032
26 40 11695
35 28 59842
41 37 49197
35 25 17713
27 41 49988
26 28 43828
22 38 19179
30 37 68870
24 32 22365
32 28 60871
32 35 98158
22 22 69093
41 40 85318
30 41 2994
35 22 25254
26 31 68101
26 35 55210
33 24 74983
41 42 16526
42 33 86897
32 36 63512
39 35 94659
30 30 42394
27 39 8135
42 40 85708
40 22 47898
27 38 28221
37 32 59208
24 28 36921
23 41 65896
30 25 74469
31 39 31963
27 32 95761
22 27 12930
31 37 47230
32 25 2171
39 41 83200
29 22 15593
24 28 91209
36 26 2986
33 40 85541
35 34 28988
39 31 65366
28 31 69652
41 38 69564
40 26 21833
41 24 96461
38 25 7526
30 24 93955
41 42 70689
23 41 87628
26 37 42268
31 41 73902
34 31 83723
23 37 7889
32 37 89650
23 26 5476
32 42 26476
36 42 24130
31 24 32900
30 25 3001
35 36 96003
39 30 19631
29 41 17910
29 29 46057
38 31 85578
31 28 72588
31 31 70811
27 31 73096
28 30 99823
38 41 44365
35 42 8605
32 31 95881
34 32 19675
25 27 50349
34 35 51456
32 24 42995
35 28 78020
42 33 56294
23 31 55175
34 40 71673
39 37 90138
26 31 59948
25 33 64115
22 41 15007
24 29 88275
30 30 81520
23 26 38346
36 30 56299
26 23 36691
34 37 97176
33 28 34447
25 41 43908
40 41 52499
30 32 7303
39 42 16619
35 34 78405
37 26 28359
36 27 35641
33 36 44071
34 38 19178
41 34 45813
37 36 6674
40 34 21726
38 28 69819
32 28 82568
26 23 46811
38 22 14298
36 42 10749
36 33 53475
38 32 99899
29 35 8656
31 34 53444
39 26 83242
30 27 39521
28 27 66106
41 36 93492
28 23 89115
34 40 99277
38 34 34866
29 37 39401
38 42 53769
39 23 27926
38 24 93479
32 22 90678
23 38 92645
22 25 8746
35 28 68274
28 23 32122
40 24 65690
38 31 61893
25 23 12220
40 29 1653
41 28 51198
38 31 74801
24 29 48659
42 30 76158
23 27 88971
22 30 78801
31 27 71335
30 33 3956
39 28 11443
39 24 10179
37 25 52069
34 42 93418
26 33 14720
26 23 60750
24 26 39110
27 36 45114
24 22 76664
28 22 36835
22 28 32842
40 24 89581
37 29 6200
31 25 6153
26 32 990
38 22 64355
27 28 6935
26 28 19650
33 33 42861
22 27 32414
22 32 59012
22 36 49702
24 30 31357
33 24 9463
38 30 65762
35 23 87390
42 41 52644
38 36 29729
38 41 76290
32 30 89680
38 31 26333
31 32 39018
30 32 81554
34 32 62381
23 29 23881
36 41 59711
30 38 89782
33 27 6622
41 28 9703
33 41 25255
37 42 17276
37 39 45394
40 38 8024
29 33 31364
40 37 82668
38 37 82296
37 23 49078
39 41 97769
30 37 66649
34 25 27217
26 30 70545
22 40 77787
33 40 94978
34 39 52988
23 30 44403
41 35 93309
38 31 20251
32 26 23404
30 29 65471
39 24 10041
34 31 17469
32 36 56082
38 22 75910
25 31 1885
23 42 69878
39 32 53685
22 40 9797
23 29 84316
25 28 4816
41 38 53923
35 42 23653
23 35 24443
39 40 44538
41 40 12514
34 31 32397
33 42 60154
40 30 63984
31 41 43927
38 30 95697
32 27 82311
28 34 96414
28 41 2254
26 30 97038
40 29 52442
34 22 98633
40 37 88952
23 28 27100
41 41 43679
36 24 80176
27 22 25466
42 27 24100
32 29 4932
35 29 15423
32 37 26883
34 29 36789
33 41 57335
28 30 93989
36 40 57799
31 26 60628
28 32 37998
32 28 23071
41 28 43448
25 30 54425
41 38 8885
42 24 75588
31 35 47963
22 26 73305
34 29 48387
27 35 80022
30 41 17216
31 34 54395
28 37 39711
26 41 71763
26 35 16265
39 25 63969
33 42 63683
42 41 71596
41 31 70791
32 34 59009
25 39 93879
24 41 24625
31 34 48194
40 27 32286
27 29 79222
33 26 22468
37 29 87163
28 24 98035
35 35 83245
36 29 43018
32 40 4543
37 31 35166
34 35 30197
27 35 75336
41 31 75222
38 40 36673
25 42 85989
38 35 52418
29 36 94549
36 39 17566
36 26 76682
37 35 91652
37 31 93394
37 40 9070
32 36 18817
23 31 41690
42 25 83536
31 37 14260
25 37 4316
23 25 55251
32 35 65410
22 24 19501
30 34 48054
38 29 50072
22 22 31547
37 37 47195
23 32 68368
28 27 84759
24 35 47172
36 32 98311
26 34 29875
40 35 62716
29 41 84443
23 29 68051
33 33 33935
32 29 85631
42 34 28712
42 35 24736
27 39 94895
32 41 8183
24 23 63964
39 24 20602
23 41 89995
31 38 97673
30 40 80221
22 38 53708
27 34 17369
39 42 76217
32 35 28230
35 29 22490
38 24 40052
28 33 18922
22 32 76141
24 29 8757
38 39 34221
31 24 99182
40 29 99161
24 39 91031
42 32 97112
32 29 11723
37 40 56294
33 38 28115
30 22 4144
29 40 65509
29 31 78318
42 33 62648
25 39 35715
38 35 21882
26 34 8040
26 35 76135
35 29 22003
38 37 58511
25 29 97623
40 35 80552
37 39 78769
42 25 66746
23 28 78447
22 27 57133
23 39 28781
23 23 38940
34 22 76470
27 27 50273
38 31 21912
31 24 73062
42 34 50453
31 23 93763
41 28 82292
32 31 14624
23 27 81691
33 35 87652
27 27 23137
33 41 70489
34 41 42013
41 32 57032
23 41 78903
38 28 65558
39 30 11873
23 25 8912
26 24 10423
41 34 71614
24 41 12203
32 40 60069
37 32 41496
39 24 17814
29 28 52505
41 28 37399
32 26 85088
41 33 94329
35 22 83281
36 27 52752
36 30 13915
42 26 84601
42 40 73437
23 38 26624
38 42 23623
33 38 7435
31 27 12672
42 22 79305
38 31 27106
31 24 17875
41 29 65147
41 36 24194
31 28 5718
27 38 5327
27 39 73878
42 27 85979
22 33 27217
33 41 38821
41 28 35286
28 30 26261
33 33 21232
35 32 42627
31 23 30283
31 34 90912
24 28 80873
33 23 40589
24 31 11990
36 39 97087
26 36 33830
32 24 84610
35 23 10852
32 30 53301
41 39 97858
28 37 81636
30 32 25455
25 42 53333
41 41 4027
41 29 54298
22 37 21690
39 24 3968
23 41 36450
22 30 13035
32 30 64240
41 33 37689
41 41 99372
36 30 82077
29 30 52465
37 26 24447
37 33 81642
28 36 8106
30 27 27796
23 41 31450
24 34 44503
24 31 88682
38 25 61663
28 30 86707
22 22 11471
29 40 87735
26 31 21700
37 39 80644
36 36 88818
37 24 57439
41 32 49677
23 22 90593
42 39 91701
36 30 59739
25 28 67080
26 23 35337
25 23 94482
30 33 76589
40 31 53685
38 34 61127
34 31 64094
30 27 15627
32 26 20716
37 42 26692
32 29 72515
27 24 57584
36 32 23345
28 36 92755
42 36 18500
27 27 53131
35 40 27301
41 40 31437
38 25 19688
41 38 60187
32 39 61244
39 35 52663
35 32 63996
34 27 17858
29 22 50342
35 30 98304
22 34 33972
26 22 80266
42 42 37122
42 32 80260
40 40 39317
34 24 82421
36 28 53193
31 29 36085
40 26 11260
37 27 81106
24 32 9835
41 37 44949
29 35 27813
30 40 6414
24 26 26700
24 42 87895
32 26 51111
23 24 74132
23 26 16050
29 25 49289
25 37 67157
25 35 45587
23 28 84939
30 28 41259
36 37 24232
24 31 79877
28 26 9658
32 25 89652
35 41 69048
22 31 3577
39 37 75544
41 23 48624
27 33 79463
25 39 25069
41 42 60872
33 35 11503
27 34 89136
38 40 44564
32 22 76089
24 34 57917
38 26 92955
35 30 56692
27 28 49028
27 33 21386
29 37 12415
27 32 10203
28 23 73031
35 30 77754
39 28 87324
32 22 78880
23 33 8033
35 26 42750
35 32 44302
41 31 9191
37 41 44681
42 29 26901
35 23 73477
36 41 43499
39 34 8481
22 27 27705
37 37 22650
38 29 72837
27 29 94694
35 42 42610
24 40 92863
34 32 50292
26 35 85392
31 30 61838
27 30 90924
35 41 94985
31 32 7564
27 25 47430
24 24 62880
34 31 37420
28 37 45584
23 42 24171
42 38 97769
37 28 99652
30 30 22610
27 33 99104
32 31 53175
42 29 68289
31 23 13636
24 42 89402
26 29 13222
28 23 4747
41 40 47923
33 40 73165
25 41 45562
26 39 45497
40 35 452
23 36 84506
35 41 76777
23 33 75215
38 35 60785
36 41 52838
22 39 55301
35 39 7775
27 31 3393
25 22 36837
40 36 17559
35 27 83990
25 38 66010
37 37 25852
42 35 16475
26 40 90774
35 24 71965
25 42 75814
33 37 11834
22 40 24085
37 27 8730
40 28 12788
28 40 59188
25 37 57563
26 42 98054
39 39 75316
24 39 68081
42 30 40204
30 24 63074
39 41 76546
25 23 31324
37 37 29694
27 34 14686
24 30 48890
26 30 54877
23 42 73231
31 34 43249
23 25 87569
35 27 42611
33 32 74693
36 38 12296
33 24 34882
28 22 11811
35 27 35938
35 28 8499
24 30 44410
42 36 33705
37 27 30837
30 24 6491
29 28 33599
23 28 8684
29 32 63293
37 26 58423
33 22 74270
39 36 98045
26 36 75079
32 34 16302
34 23 83619
22 28 43198
34 32 5718
36 34 40143
26 27 63098
29 32 9207
39 41 64976
35 28 36889
41 40 89340
41 33 92405
37 42 58653
38 23 13802
36 28 89877
27 39 31488
29 28 10482
29 40 15698
25 30 36904
38 35 58116
24 39 46793
28 41 47878
31 32 64704
26 29 16464
37 22 56468
24 42 66056
33 29 60581
28 31 71535
35 24 6349
42 24 40798
36 31 95263
34 30 13241
30 32 81818
29 34 77176
32 30 46734
32 33 47322
34 39 33704
34 37 90336
22 23 31307
41 26 45157
24 41 45973
40 30 4569
38 33 87480
31 31 2347
28 22 93809
36 32 57280
24 27 61766
37 27 30638
25 40 38780
25 42 49837
29 25 21134
34 25 79356
41 25 6688
22 38 94856
37 29 64076
26 24 50976
28 26 14493
35 42 63841
37 40 21578
26 40 40775
29 25 55413
22 24 40378
32 23 30343
32 25 92732
40 31 15805
24 24 32222
39 39 23635
32 34 22910
32 30 83901
23 25 90637
33 24 19964
42 37 17527
42 35 18750
32 26 27259
28 28 96573
35 41 65750
39 41 77892
35 40 7481
35 34 13294
32 23 36931
39 26 54355
33 38 35056
22 32 2845
26 35 58634
42 40 47480
37 40 25093
23 36 65981
32 24 95200
25 37 87883
22 31 92030
26 36 4172
25 39 66990
37 42 54541
38 34 55445
39 27 88578
34 38 87590
42 25 61537
32 36 89695
29 35 2084
29 39 30406
30 34 53425
24 34 13407
38 39 1035
38 30 66982
25 32 31481
26 29 31725
33 34 25019
39 41 47245
40 23 38273
42 26 8003
40 27 36692
40 28 16554
28 42 55042
37 27 52269
22 29 99103
38 41 86053
36 22 15312
23 32 71294
35 34 95363
25 22 91231
28 34 8939
42 25 29525
29 23 64704
22 25 88990
27 26 43494
40 36 21375
24 30 70142
41 29 55655
25 27 44419
31 33 53533
33 27 25883
39 34 57518
39 37 11833
30 22 80966
28 22 97530
22 29 71398
27 41 10141
25 25 32181
22 37 44848
41 29 35577
37 31 46806
31 35 98086
26 27 5484
36 37 11162
41 33 98675
40 26 44423
36 25 18509
40 40 30493
39 32 68168
26 24 40295
27 38 59017
38 39 2702
37 31 97477
33 30 74661
32 31 99266
24 38 36838
28 36 36546
35 42 58981
36 31 27942
39 40 30186
22 30 50198
22 24 87311
31 24 47120
30 30 53493
29 30 61178
32 29 45186
24 35 26376
25 28 45763
40 25 59183
42 35 25511
25 42 25215
29 41 9135
33 41 61140
29 39 23450
37 41 98611
26 23 69033
29 38 85021
38 42 42966
36 36 75945
35 32 36389
38 42 98434
24 29 55152
23 40 50969
32 41 77184
29 37 24011
38 32 2918
39 38 39704
32 23 59877
41 29 26296
34 27 47850
26 34 54234
29 26 13516
39 29 69396
33 42 3215
30 29 3409
41 29 88396
30 32 21069
40 42 92084
27 34 66288
30 30 67085
31 27 87227
27 32 11473
29 33 90901
22 29 26474
41 24 91022
29 28 72136
29 23 49552
42 37 1216
28 35 32795
28 39 73764
28 35 45508
37 38 6917
33 32 4991
39 36 33595
32 42 3527
34 40 48613
37 36 79757
28 24 51705
38 32 25757
41 32 95700
38 36 93998
36 29 10561
26 35 37389
25 30 98988
37 23 40614
32 41 24290
42 34 25959
37 32 36223
23 40 41844
41 40 5500
29 29 67242
26 34 62688
22 34 90209
31 39 62165
34 29 43723
31 31 16883
25 30 7019
30 24 74595
25 38 5652
36 26 31283
42 38 68462
42 33 2480
34 32 24668
37 29 98173
26 37 49273
28 26 72021
29 34 90005
39 27 40560
24 26 33978
39 39 93125
27 35 97283
39 35 38167
39 40 45721
38 36 56691
22 35 79864
22 23 58502
29 31 42664
42 26 61968
291742900
