30 426
7 10 63371
9 8 69643
6 7 45708
3 7 69591
6 8 12411
10 1 9614
5 1 36912
1 7 40302
7 6 84416
5 8 52642
6 6 15919
5 7 60268
1 10 29798
5 3 55111
10 4 66601
8 2 63305
8 3 44156
6 2 45062
8 4 23047
3 4 96081
4 10 93864
7 9 50629
10 1 5205
8 7 12993
2 8 28973
5 9 58060
7 4 61771
7 7 20454
1 1 48819
1 9 10402
5 7 61352
2 10 52269
5 1 67443
8 7 85813
7 5 78083
8 7 21525
8 1 79555
3 7 19124
5 9 44931
6 3 5060
2 7 53263
5 6 51890
7 2 96865
6 2 74124
7 2 73139
1 3 14613
9 3 96848
3 6 89217
9 8 26457
3 1 60142
2 9 30294
9 2 28349
8 9 66512
10 5 79490
8 3 68184
6 2 16153
2 7 99973
2 1 40350
1 10 35459
9 3 66246
10 8 30013
8 10 94601
4 2 79605
3 10 41183
3 2 43784
10 2 3863
2 8 14530
6 2 73068
7 5 61331
1 2 31933
9 4 16880
1 5 73573
10 7 63598
7 3 49466
7 3 75849
1 10 94604
10 3 89500
9 4 89742
7 8 43384
9 7 80267
10 8 36287
7 10 84704
7 3 99298
5 6 77050
10 8 13544
2 9 97629
10 8 35426
2 3 42279
7 1 89147
4 1 52904
6 10 74310
7 1 10924
2 13 48411
6 14 10669
8 24 47744
8 4 88559
5 30 5585
1 11 25492
7 30 25921
6 8 353
3 24 30595
4 1 79557
4 24 5726
10 25 5198
8 20 7079
9 21 83769
8 14 88873
8 12 2404
3 5 45445
7 3 24589
8 6 80248
8 10 42306
7 23 41627
8 2 86555
3 3 89825
8 3 23204
6 28 84672
10 21 86136
2 11 8416
5 26 24628
10 19 63145
10 1 66919
10 5 7247
2 14 26937
4 19 20376
3 7 6111
10 21 11361
8 5 67242
2 6 8523
3 25 82379
10 13 96850
2 26 81653
6 25 91472
2 30 55018
8 24 61915
10 23 83865
1 29 46557
4 4 4443
6 5 21757
5 15 30062
9 3 15115
3 12 84010
11 14 16589
18 15 45421
17 13 1576
20 14 51866
15 18 91494
14 17 64050
13 11 92496
18 15 85340
20 18 67493
13 20 73502
11 11 9625
19 15 36749
19 16 272
12 11 96125
16 11 27202
11 18 36699
20 11 43545
13 11 16626
20 16 48127
16 20 23411
17 13 88719
18 15 76991
20 13 18983
16 17 68848
12 13 50632
12 11 83480
20 12 18534
13 18 84472
19 15 38271
18 12 22060
12 19 63922
15 19 65732
16 14 15500
20 19 15839
19 19 18369
17 17 57525
20 20 94816
20 16 92151
13 19 45580
16 17 92917
12 19 17002
16 20 57891
19 17 39371
13 18 74261
18 16 51303
16 18 9552
18 19 62198
13 11 29663
18 15 4344
16 11 29095
15 17 53334
20 11 88364
20 20 51522
18 16 38377
11 17 16369
16 19 76129
16 11 1934
18 14 3338
18 17 66469
18 11 36146
20 14 77177
18 12 94438
15 11 10568
17 13 32185
19 11 25444
20 13 22090
15 18 48169
19 20 88917
16 13 5337
17 20 74877
11 19 16866
12 15 69331
19 14 58688
11 18 94320
20 11 65029
11 12 81059
14 15 48398
16 11 22794
18 12 14215
13 18 42188
14 16 65942
12 20 60888
19 13 75979
18 11 22812
20 17 13653
18 15 67093
16 15 11644
14 13 11057
14 15 39288
15 20 26159
17 16 69390
12 13 31733
20 15 83213
17 15 31652
11 18 72032
16 11 87920
13 21 7595
15 11 41824
17 24 31987
17 11 38461
11 28 16142
12 15 56444
17 27 23280
20 29 74316
11 30 38148
18 26 13107
13 27 64016
12 19 19505
14 23 14383
17 11 79082
20 23 51339
18 27 74037
19 23 47549
14 19 24905
18 24 73799
20 16 80678
12 22 39065
16 15 46809
13 14 35055
19 24 65536
18 20 62177
18 13 87982
16 18 38891
15 12 2490
16 17 21393
11 12 8644
15 22 85580
18 14 51427
11 13 48259
16 21 54966
16 18 29554
16 14 20328
20 11 83445
20 20 76806
16 20 48421
19 26 1163
11 23 95174
20 11 44275
12 14 73303
11 14 29630
15 29 83973
15 22 13139
24 22 30223
24 28 46426
24 22 88629
30 25 23750
26 28 20983
29 28 4261
24 25 8400
24 23 16061
24 30 7753
29 21 96223
22 25 50930
23 23 52166
28 29 37273
24 25 53771
26 22 60947
28 26 11027
30 30 60612
28 21 29611
25 22 16308
22 30 68647
25 22 33510
28 25 51624
24 23 43456
29 25 26735
23 30 44698
30 25 9356
28 22 6671
23 28 12641
25 25 31496
28 30 26572
30 22 15413
30 30 8964
25 27 92511
26 28 19929
30 26 68048
21 30 53789
30 21 29615
24 27 87310
23 25 45992
29 27 81877
24 26 45599
30 28 9673
27 26 90016
23 27 53423
24 30 90053
25 28 87469
21 24 30007
25 23 40106
25 26 83964
25 21 66804
21 30 880
22 29 8236
22 24 63419
30 26 41419
29 23 60672
22 30 55617
29 22 64535
22 29 44456
26 25 31985
24 26 22593
22 27 25340
28 26 68624
24 30 15042
25 29 8335
26 27 5811
22 22 75021
24 23 69499
21 22 80965
26 27 24677
22 29 69270
26 23 32992
22 23 74517
27 21 80779
27 23 39006
28 23 37051
25 25 16982
25 25 67940
29 29 58915
25 30 95588
27 23 31853
29 29 5242
26 25 78652
28 27 77555
28 29 581
22 22 89531
21 29 14881
22 30 33715
23 30 65279
30 22 33628
25 27 71541
23 23 27602
26 21 89734
29 29 38136
25 23 89005
23 21 82492
30 30 60745
29 29 41011
21 30 18239
25 29 80096
23 28 77880
25 22 73145
27 27 71721
22 25 64316
24 26 16072
23 28 86180
30 24 13071
23 23 70715
25 25 87211
24 29 18098
25 22 83759
29 25 12738
27 23 81020
26 30 1011
24 21 93410
30 24 70155
21 30 67276
26 25 92760
22 22 96429
23 23 26332
22 27 9341
27 24 82354
26 25 4950
28 23 4330
21 29 39039
23 23 19233
22 28 88129
22 29 51834
21 27 42850
26 24 16357
30 24 7744
25 21 24905
28 28 9434
26 24 77129
27 24 40142
22 26 20569
25 27 88483
25 30 96142
28 28 34503
25 26 8221
22 23 10908
29 21 83752
23 28 57438
230598913
