39 732
4 11 64603
14 19 70255
33 26 38503
31 5 91790
2 7 74593
14 10 21508
20 39 28619
25 3 24577
34 12 7278
5 33 20137
26 29 55152
26 21 69977
36 14 90951
18 9 65953
27 13 26064
38 31 58407
26 23 57143
34 21 70027
18 2 16417
26 9 46493
11 19 59455
28 24 11361
28 39 39434
22 22 33273
26 2 52188
7 39 29921
36 6 78720
20 14 37590
15 11 15786
14 17 65589
18 22 83745
37 29 40582
14 26 70531
35 7 71752
12 18 96058
14 31 39860
36 30 21177
14 20 23437
35 7 35887
32 24 26487
31 15 23370
6 7 2815
10 26 37862
39 9 82326
18 24 57718
9 14 79816
30 38 80573
22 5 3602
25 29 39260
12 12 12316
13 6 7478
11 4 86723
25 18 78864
38 20 68955
32 23 86411
24 1 64435
9 34 48721
33 24 28161
15 8 1505
14 24 54318
11 16 86630
23 27 29295
31 34 14808
24 2 77439
11 31 3149
12 2 46086
33 2 75205
5 24 22641
37 32 31970
35 37 18635
19 38 89455
17 33 71509
30 16 87022
23 10 18241
27 3 4247
15 29 60471
20 7 59805
29 26 29184
21 6 79127
22 19 39800
26 8 7382
25 33 13340
8 25 57991
6 17 94451
14 37 45203
2 7 77087
21 6 71523
2 5 18725
9 21 69581
3 19 85487
10 26 24573
38 33 85677
23 14 92184
3 9 66067
39 31 40892
29 26 22982
19 22 73263
5 25 13775
27 17 53004
37 14 99640
32 30 91637
33 29 49775
36 13 37172
31 32 42488
21 30 87587
14 28 99786
27 28 2530
6 12 37855
8 37 59834
21 7 42457
8 27 49376
36 1 32057
16 13 89660
30 22 35089
19 36 14482
17 23 24557
34 7 4029
28 2 52561
6 19 20965
5 29 49698
32 27 75164
6 36 75849
30 32 46853
36 28 66819
39 25 86614
5 4 38875
24 22 19937
21 15 24388
6 10 75171
7 23 86653
26 15 36832
21 20 31440
39 1 84337
30 34 13824
32 19 91369
26 26 59173
11 7 38125
7 13 40668
37 14 81539
25 37 6978
23 3 64043
20 12 43515
24 9 45148
13 20 469
13 14 60972
31 33 88242
8 38 52184
6 21 44279
37 14 21442
6 8 19160
34 26 56616
5 14 29407
3 12 78433
4 9 31044
27 27 81888
11 7 93859
35 22 54375
1 26 99476
15 5 82882
29 32 56096
37 20 44385
15 30 63867
15 33 92406
19 16 83507
3 26 67070
14 2 48662
3 32 22510
3 33 22652
36 16 64363
12 13 71199
25 38 49980
3 31 4460
20 32 26873
8 3 19586
31 37 71347
26 33 45861
14 1 63138
37 35 90664
33 20 65559
36 19 99515
28 5 19925
9 26 56769
1 27 52191
25 28 55331
29 37 96373
12 33 80460
23 37 79618
4 15 71434
30 19 77293
5 11 18788
27 25 21074
35 16 7986
5 17 40337
13 25 52875
1 1 96816
13 16 55001
23 34 68014
7 22 44705
25 4 77849
21 18 84780
12 14 18665
36 36 61027
13 22 60718
17 24 21096
22 15 80560
12 8 14121
6 23 33861
38 33 469
16 19 50135
12 21 50902
23 24 83828
25 32 6138
5 15 39185
30 1 75489
9 11 14394
20 38 82314
13 25 26465
10 22 15819
12 14 73153
37 1 85263
36 20 26660
1 11 42263
9 3 98667
33 31 98570
35 10 54102
32 26 15437
35 8 16547
3 16 32584
39 1 9863
27 19 81524
22 1 25078
5 1 42622
3 13 18993
14 11 46389
5 36 20053
31 30 36917
19 5 89723
24 30 44664
23 34 14461
25 5 3621
22 17 58311
10 17 76679
27 7 11498
22 6 66303
17 11 21990
8 10 14765
3 39 89069
25 37 79494
12 27 48145
23 1 80931
30 3 50552
28 21 99704
17 9 80321
37 37 70254
31 7 90025
21 17 13166
37 36 41108
25 13 38615
25 7 10508
31 25 69230
35 22 58170
23 9 89467
38 34 20980
14 12 57875
18 25 12873
34 28 82351
36 34 21997
28 5 81250
27 6 30957
39 38 45723
6 33 70705
27 19 2425
5 16 1603
33 21 8394
7 1 93888
23 33 9753
10 19 25013
19 33 67506
1 24 92352
8 27 12242
25 34 49271
15 16 86431
31 22 51600
32 4 80315
11 32 64767
20 3 63389
21 24 42125
3 19 67091
12 10 78852
30 2 30769
15 32 58062
26 28 88030
24 31 94685
5 7 36282
30 21 5085
30 21 1314
17 16 66362
19 34 20056
4 18 7552
3 19 17771
4 34 97419
30 5 36637
27 33 60839
22 7 77450
6 19 91748
20 31 77617
30 3 7658
35 20 60130
21 28 54666
9 4 29201
10 25 66827
9 9 49090
26 33 77589
28 22 49531
21 21 89585
23 13 41408
33 17 22220
24 24 72940
11 13 61957
35 33 93836
19 1 49614
24 19 42549
18 37 12048
1 31 11004
34 2 15697
2 28 38734
5 26 18317
7 34 22215
4 22 78009
8 19 8971
16 33 48988
1 7 54569
7 1 28420
10 38 14455
35 16 93700
35 34 93409
5 1 83499
4 2 90582
2 28 76337
26 1 26283
1 21 27947
1 30 72048
8 12 62674
6 27 93669
39 34 17193
14 5 58767
31 6 98077
32 25 18612
19 29 2727
25 17 96199
10 12 28930
17 22 58258
31 21 48175
29 7 12899
1 9 76814
35 6 12907
32 4 55371
20 15 99228
23 11 46649
38 38 42793
19 7 17823
18 10 24134
36 36 59118
6 31 79202
11 34 64016
21 5 71801
25 26 3617
30 17 74843
2 39 44842
4 9 36687
32 22 10847
5 22 18576
33 13 58275
6 33 44067
3 21 43823
35 21 41638
36 30 89997
37 2 63738
34 26 2703
23 24 66430
24 29 81248
37 26 56840
30 15 32271
28 19 94755
33 14 14529
26 13 40045
11 27 11240
23 39 40
10 31 34087
14 17 67434
8 13 89757
24 38 77638
10 1 91236
24 35 18396
24 26 25578
7 14 18757
6 29 24593
24 1 39747
16 29 50317
1 12 6808
20 3 52207
1 33 21986
36 16 75034
37 2 90200
14 25 66329
15 26 93227
25 15 19106
38 6 62623
34 39 82194
8 17 89859
18 2 17927
21 31 80796
33 37 99747
21 38 10300
25 21 33431
22 1 70458
23 12 91598
35 35 77496
23 7 56769
27 17 14057
8 36 31787
24 17 26900
39 33 54670
22 26 78145
38 16 28069
4 22 99671
30 14 70103
17 23 24908
31 24 15463
27 31 55685
2 28 43823
36 37 60553
9 18 10688
9 21 27690
37 14 76194
26 31 3474
14 22 15893
9 14 16565
12 22 98412
3 23 7147
6 7 95723
18 17 78106
38 5 68824
3 20 46638
14 21 34279
37 12 74144
14 5 53481
27 12 73408
9 27 7948
14 31 55036
7 8 90431
8 25 60774
22 18 86306
11 14 6680
26 39 74422
15 37 1948
20 7 96497
15 19 33182
38 13 32805
3 22 83974
21 5 56451
30 23 56195
35 21 94359
4 20 44208
30 27 99251
35 8 93660
25 13 80597
24 14 21162
15 28 74692
6 11 34307
21 14 73835
26 26 38565
4 27 24735
19 21 49759
35 27 37861
4 8 10432
25 8 87086
20 28 83436
32 30 85523
16 22 25742
25 30 85502
39 22 24727
33 39 2872
2 23 63978
5 34 16716
11 27 17954
19 26 51705
38 14 7355
28 39 42010
20 31 68704
5 30 81449
8 15 51977
11 32 36483
14 7 94920
36 13 87251
27 36 78464
17 29 40956
7 39 26903
6 30 54022
35 28 22777
14 4 230
15 36 88990
12 28 25829
39 10 89995
9 26 57054
19 3 96149
27 3 36671
31 29 77762
18 27 3677
31 21 71115
8 1 32085
10 26 21879
38 21 72257
22 6 31896
38 35 1381
23 24 44236
35 29 71667
31 39 15644
24 6 27524
10 7 72780
8 39 51386
27 28 92813
36 35 45731
14 18 14703
5 22 93180
28 23 85436
11 38 82832
25 1 97262
26 15 98166
28 35 35069
28 18 27276
28 23 45890
18 17 50635
24 2 69580
1 20 54360
13 29 46257
34 7 648
16 36 93409
24 39 2834
31 13 35879
36 6 14930
10 33 73360
6 29 67526
3 4 91700
17 28 99999
31 38 11140
39 32 37918
29 21 22700
22 30 2723
27 21 85043
19 6 74844
35 18 41179
25 20 41646
10 32 6131
12 12 76556
14 25 72759
5 10 17443
2 13 69119
5 33 41339
19 5 73469
12 32 92766
16 13 84948
29 35 86729
37 9 52441
11 25 20497
14 38 60597
20 13 35058
14 39 50800
34 22 35088
19 24 42213
3 16 21650
21 8 1261
3 10 4170
10 2 59966
2 14 25440
10 36 88732
19 38 67015
29 9 7314
27 4 62140
1 35 49922
7 34 62708
12 14 53429
18 39 17248
21 21 89481
4 5 74028
31 32 25572
18 27 30316
7 38 51632
18 32 83048
4 20 8024
23 36 72821
7 27 69569
16 21 51375
13 6 85963
28 24 89833
35 3 20042
5 27 1703
3 7 16236
19 3 370
37 10 37641
27 9 88015
2 18 32525
1 32 72919
32 2 92168
19 37 99267
5 33 89713
32 26 11057
14 9 3333
2 16 45809
11 17 21535
9 25 99431
3 18 59657
9 21 29038
19 13 26691
34 4 72585
39 27 23023
29 1 92944
23 11 11587
33 22 78164
8 13 36748
24 15 1231
39 14 2749
39 37 12038
10 14 13341
9 17 75563
37 30 98669
34 36 5657
14 6 58293
28 22 69286
39 8 59484
37 13 45710
2 19 88296
24 21 36606
19 4 33347
30 34 2720
31 13 26205
8 8 89724
31 12 90734
24 24 38643
28 30 877
9 11 15821
3 11 82171
2 6 53926
8 1 47674
34 22 52066
32 34 50947
8 25 21624
38 37 94983
25 20 89950
10 34 20415
23 20 40297
31 28 33527
37 31 282
11 8 35309
19 5 18367
7 6 98546
16 8 37065
25 24 68249
28 31 80410
1 11 50086
39 21 92257
37 25 6246
6 19 60616
38 35 13714
14 37 34038
24 10 7462
35 38 20183
38 3 42877
36 4 68764
12 15 65894
7 20 93906
25 27 84934
3 4 21135
28 25 40841
7 29 36540
19 13 75564
16 32 28423
5 16 99166
18 26 1706
29 16 50813
1 32 92711
27 26 81322
1 24 45226
39 15 52449
24 8 30131
11 9 37007
26 31 696
3 37 10610
17 34 97995
16 34 83008
39 8 27971
33 30 17913
13 27 69447
18 20 14461
25 18 84898
32 32 61210
29 18 60952
6 30 51183
20 16 19272
25 28 51149
20 6 422
34 17 23153
3 19 21397
21 32 85454
27 29 53198
33 36 93412
34 29 17995
33 20 99549
3 21 99353
9 18 82790
1 9 25399
15 25 97677
26 7 78960
6 30 98852
27 35 14059
19 21 19105
23 6 91941
25 39 81304
28 19 67338
23 10 77307
14 32 56060
34 14 57871
33 15 45413
39 13 15177
33 28 90349
7 38 58229
21 21 89790
7 27 46400
35 14 1918
24 30 59097
31 21 25559
18 16 2004
543707730
