50 290
2 15 30942
17 4 36912
27 43 71955
31 50 58534
2 32 25991
16 39 6849
22 19 24291
49 33 74056
49 47 88356
23 41 24146
50 11 98876
26 3 15470
41 9 80071
15 22 69778
43 7 9259
43 39 92696
8 42 1693
29 14 924
50 9 44441
41 36 14781
20 34 42878
14 32 53532
45 8 42502
48 47 20956
21 47 26927
7 21 84109
6 14 10134
16 50 46901
10 10 13810
31 17 68004
15 21 86003
21 4 9335
4 12 98531
25 13 64894
10 4 91701
17 15 71459
22 9 85924
34 4 52519
23 19 81699
23 22 78028
24 22 39113
38 11 16919
19 42 93290
30 42 22015
16 2 86814
8 14 71513
5 47 8910
9 8 24793
41 33 34566
27 13 58310
33 32 76533
10 50 78699
38 38 56680
37 14 62377
23 19 89034
23 26 14601
10 21 49332
41 33 45397
17 20 428
30 8 17725
9 30 698
32 7 75727
23 42 55843
19 41 22529
41 28 81403
28 22 836
29 8 32889
12 36 71795
1 45 77794
23 3 73315
49 24 34739
22 18 26399
31 3 81647
44 20 3874
40 17 39808
10 26 60337
34 39 12932
39 50 73822
16 42 99341
35 8 70628
9 50 87088
49 16 95476
31 42 82502
5 23 73595
32 25 45038
7 38 61773
34 35 98761
22 6 47797
13 33 42745
49 10 76082
34 28 79402
4 17 19540
21 5 47648
21 30 99793
46 27 73915
1 49 69400
20 6 11624
22 1 98685
24 16 12833
30 13 67588
38 21 84410
50 5 9460
7 27 6242
14 18 22274
41 21 97500
15 34 84998
6 7 86761
12 40 48106
27 50 86535
37 12 10969
41 24 67189
7 14 32190
43 13 30069
16 11 17434
30 2 66351
3 6 91705
40 31 64313
47 11 36850
23 10 61811
37 23 81076
21 42 87105
23 9 84628
43 4 55207
48 26 17282
7 31 89805
3 1 59983
50 19 84861
2 9 49389
34 13 53213
34 48 83239
48 30 91143
49 12 2816
21 9 12812
14 35 1124
28 37 32714
38 5 80075
1 38 39792
5 19 3766
5 2 66356
49 19 97892
25 6 97242
37 28 6197
10 3 39495
5 48 85647
23 16 15830
18 46 53124
49 28 2847
29 16 61933
9 49 89970
33 2 8572
31 31 30767
30 30 44833
16 46 24118
4 9 91685
17 19 38964
24 1 37141
49 21 59322
37 42 16574
13 33 13137
2 36 60290
23 3 82513
13 38 87555
9 29 7915
41 6 90113
15 14 65262
49 36 91446
6 18 43142
14 35 73875
49 22 94843
3 19 15793
49 49 14111
43 26 81123
40 32 48423
3 35 6011
48 20 43767
29 48 60940
25 11 21080
40 49 55319
18 47 38207
12 6 45067
21 47 50067
23 47 99262
11 29 61974
27 48 50157
11 33 81373
26 21 61242
32 24 26697
28 37 93028
15 42 100
46 19 67116
29 39 85569
42 39 40338
17 28 93564
37 30 15351
16 9 46910
13 22 68475
16 26 35239
37 48 54564
36 44 62804
21 31 10744
38 39 68791
12 8 82484
19 14 13287
35 42 17057
13 25 34449
2 41 39451
9 13 93038
37 6 46370
43 14 14783
48 25 25529
5 22 15784
13 44 53994
31 3 83754
5 2 23131
7 19 81845
18 3 24682
8 3 21463
17 24 56783
36 44 6264
28 27 38036
34 14 7539
20 42 68211
26 13 78909
41 31 35297
32 32 28475
35 36 28404
45 36 23739
12 7 85981
23 36 28439
38 1 48643
31 4 42078
33 40 29085
23 41 99218
27 2 89686
15 4 64323
5 20 86738
22 30 42935
4 11 2373
28 47 95921
6 16 18187
16 14 51031
39 4 63900
15 42 26743
8 10 98912
12 2 24771
8 20 1803
43 38 78174
35 6 73417
16 43 16112
14 1 22434
35 26 89290
10 47 40905
35 22 93283
42 29 82286
46 47 92400
33 12 90552
25 34 32790
15 6 58955
17 20 99048
43 47 7506
13 12 8768
27 16 93901
39 37 10250
19 2 21977
14 36 91766
37 32 91343
26 49 79268
3 46 71970
1 42 81989
30 8 66723
31 6 91675
41 33 95184
15 6 86917
8 6 44121
43 19 85754
37 45 57550
19 47 9941
17 34 4846
23 8 16443
25 9 64593
34 22 45287
47 1 89120
44 7 68108
1 4 87489
4 44 74964
29 28 49376
44 16 45327
14 11 68199
22 47 35863
13 25 47113
648190599
