41 164
12 41 48310
35 16 32640
36 35 74061
24 21 27511
28 36 22286
28 25 87237
37 32 56507
30 30 92382
7 13 93193
41 16 76247
33 1 12098
21 9 78689
31 32 14883
4 23 59542
31 9 64377
3 24 94135
21 16 4116
41 2 53302
14 20 43150
21 19 60881
41 29 38854
38 19 13384
19 40 88240
27 20 65546
41 14 62123
40 15 19022
19 34 76106
10 15 72750
31 21 75579
25 39 86543
34 9 30281
2 37 94252
33 6 47286
20 19 60462
7 15 52883
11 14 71823
38 31 95365
32 27 68863
24 41 37540
37 23 70003
14 20 43319
10 3 91406
8 9 94142
12 14 84740
14 5 73741
18 38 71597
23 6 32706
28 12 55651
9 37 34983
8 7 10133
22 29 17396
39 32 23261
7 14 80045
35 38 3183
39 15 12418
12 40 98065
41 22 38542
41 34 38410
26 1 98998
28 38 5614
40 40 41051
4 7 32298
33 8 47061
30 12 41073
8 34 30485
21 30 85081
40 31 76497
19 14 7808
7 6 7343
4 32 44066
41 37 41044
17 26 27548
37 25 64753
40 35 2606
37 21 12833
28 7 94525
7 17 75209
39 27 20267
31 12 37541
23 41 2750
29 22 93715
37 20 29904
16 7 68865
1 31 4180
20 32 41754
29 30 99414
26 16 76676
36 34 56021
39 23 33111
37 29 39874
16 40 55721
20 9 87784
7 26 95985
38 33 97547
35 19 41154
21 13 62951
22 30 36214
40 20 34938
5 33 63437
32 4 26195
29 31 73600
28 20 95619
38 8 48290
31 14 15132
31 1 67429
4 15 58974
4 17 87393
28 31 75391
20 41 28217
29 20 24316
14 29 72458
7 2 49589
25 22 90575
34 33 18997
37 6 99008
3 22 14346
30 41 96761
10 13 2189
21 25 6914
12 4 15018
6 16 12081
19 26 34945
39 31 32189
2 30 95151
7 15 61775
17 35 7935
14 35 98994
24 31 36925
14 13 44326
4 34 60934
1 5 82028
32 32 19954
24 38 38357
4 21 92710
7 20 17669
31 15 68788
26 29 79363
17 7 46335
36 6 37205
18 21 94363
35 39 38473
1 1 63316
33 24 37430
20 10 41337
7 4 88263
2 38 30037
16 34 92610
12 39 31895
26 33 90387
17 38 92129
1 21 47508
34 16 47082
19 17 86304
1 33 86256
16 31 13648
30 14 9093
7 41 15925
6 20 34628
32 34 20397
25 6 22172
2 30 29247
20 6 65245
23 10 48728
27 14 95915
271774103
