44 2333
26 18 60376
37 19 98662
33 24 12718
39 38 30934
27 20 97268
17 30 11397
39 18 11016
17 7 58371
18 23 28325
33 5 84040
35 34 37676
10 26 17439
34 16 53199
42 6 78633
9 36 76511
8 27 21642
44 31 62297
6 17 37784
8 5 85404
36 39 58004
2 14 80096
11 14 76758
9 3 71849
10 34 4445
22 14 7500
6 6 26267
17 15 6000
37 38 38002
24 19 55122
42 44 51464
17 27 11397
31 1 21344
13 2 73937
7 41 70803
41 22 86538
31 40 64157
27 35 26166
4 40 43435
24 28 95346
38 25 61895
26 40 97575
42 27 85697
6 16 21291
36 19 17250
22 28 32519
2 35 16057
9 1 8548
8 29 49382
30 2 75129
32 8 13476
11 42 14083
41 14 92557
41 23 23976
23 23 6688
39 18 66889
10 19 79263
21 3 53312
25 12 91318
30 14 74848
31 26 93246
5 11 21710
2 9 97974
36 32 35820
14 42 65074
40 26 78429
8 33 7643
3 40 97521
15 18 66964
42 10 89292
16 7 30712
28 12 70640
13 30 44514
3 40 37155
27 40 32847
24 31 31371
31 43 861
10 23 7198
12 19 4716
25 23 53150
9 13 23459
6 43 44368
42 30 33191
29 30 82879
12 13 15270
12 33 69178
39 14 39202
24 25 24285
42 12 60620
29 18 58899
4 33 1787
16 9 10277
30 23 21285
22 26 43848
36 24 89150
15 1 37332
30 8 20605
21 33 33038
8 13 65713
19 38 97847
34 28 32480
24 28 69843
10 35 39138
12 18 81347
29 20 48092
26 28 26690
28 40 53195
44 11 22102
16 30 45982
1 35 77915
30 15 21139
19 30 49374
20 23 40872
25 6 42002
7 41 29877
5 4 46955
14 18 33155
4 12 58325
3 36 27754
16 12 51082
28 25 24475
23 1 59350
35 6 38147
31 30 9974
22 27 5112
24 8 16882
7 33 17370
24 36 94429
5 23 56130
25 4 80534
37 30 98494
41 19 86848
27 7 43300
32 12 88002
23 14 32729
8 14 85951
43 9 10785
9 10 10031
24 23 56911
9 43 46167
8 25 10392
38 3 98136
43 1 79391
14 38 24309
13 1 26923
18 33 30190
38 41 87289
13 11 31622
2 27 81709
25 23 97929
23 38 35571
2 25 86671
17 14 14907
42 2 51198
4 30 82821
42 18 33739
11 16 62425
4 2 6471
34 43 89845
10 31 32573
27 20 55595
20 33 41702
44 2 95378
21 26 38253
6 29 80766
17 25 36002
6 20 28200
18 4 74842
23 1 41945
15 41 70936
18 34 6852
43 32 63236
34 41 72467
31 42 90417
11 16 16913
30 11 92198
31 3 41364
12 38 18203
44 26 41447
36 2 22088
28 28 96691
34 22 55955
21 42 52749
12 44 83157
10 3 81519
43 27 30595
19 43 52903
12 42 74488
25 3 48661
31 9 27399
26 16 76956
30 2 85820
5 39 87351
38 17 34780
28 2 45633
34 14 52434
30 6 59246
28 13 38180
27 29 74550
21 15 13184
14 9 22025
8 12 33750
42 3 13775
26 25 73468
35 11 96712
29 17 87720
34 38 5361
34 2 78561
8 42 9557
5 44 44354
22 37 7109
28 41 78203
22 37 10895
39 24 84379
44 10 38339
19 1 10731
8 4 41838
38 34 56503
44 44 57865
34 35 54246
35 22 85022
24 34 47379
3 5 85593
11 28 83431
40 9 97804
29 13 19890
37 34 27370
5 44 33654
11 10 85410
15 36 36041
40 39 57655
28 14 8788
43 5 27478
16 24 89096
6 41 56548
26 21 76004
33 20 24281
31 18 99714
9 6 86446
39 31 69311
32 29 78618
35 37 82931
3 4 29229
20 39 74202
19 4 75936
25 9 66748
20 39 87441
24 30 88045
30 37 68718
14 22 38873
42 12 82277
41 30 45143
28 23 11501
25 4 15868
4 20 57498
41 33 61504
14 17 30072
2 38 68469
18 30 21506
25 44 92311
16 40 42507
12 30 98312
22 19 29857
20 4 4987
29 10 80659
35 24 44552
36 38 27372
33 13 52462
8 10 88512
18 39 4091
40 30 32773
25 23 84880
11 26 98576
31 17 76133
9 42 59427
25 28 63459
10 7 9018
21 21 90735
11 30 23287
21 22 37575
7 26 2743
3 7 51833
28 21 93522
5 6 15412
39 18 64909
43 18 17868
40 9 92601
24 11 99586
33 23 67630
39 10 57710
16 42 50728
19 27 72187
9 15 99644
12 20 56001
32 11 64554
28 5 98498
16 14 24730
41 26 337
35 16 1988
10 41 75436
6 40 55448
1 35 62870
26 42 33683
18 25 79340
8 31 28519
33 8 90999
19 4 57452
41 12 68224
12 6 64719
12 14 45698
34 37 14338
13 26 66002
2 14 89627
26 3 71865
12 4 74506
20 11 383
21 43 81903
37 22 52741
18 12 97361
40 6 82301
35 26 2970
8 9 89987
39 3 43461
38 5 2690
40 44 46062
34 37 62460
10 15 35791
7 2 82303
17 5 23562
2 31 49995
39 17 34897
7 35 41994
36 9 89368
31 24 63706
7 27 6090
38 32 64519
7 40 67754
25 37 1350
41 22 17643
18 38 94375
26 8 31763
26 8 45245
20 4 16369
4 6 69574
35 40 42622
7 15 40996
32 18 81378
42 39 98479
38 9 27016
5 34 38013
26 28 58109
16 10 85964
31 15 31250
3 21 37294
26 26 22829
36 7 76103
10 2 50414
23 40 78437
40 23 22848
19 33 13512
7 2 86635
43 5 6080
24 39 79575
14 18 32165
21 26 43313
7 25 86198
39 44 30323
15 44 59128
9 30 11953
44 41 94713
11 34 20403
14 25 71162
6 28 54800
23 9 74782
15 2 39561
38 43 64483
12 25 29914
3 44 54976
29 35 26242
38 35 92216
18 4 45680
30 21 38185
14 21 39383
23 7 90210
6 26 68945
33 42 10678
31 8 20625
8 19 49828
15 42 45040
25 35 82140
40 14 39828
2 25 6241
12 10 18942
40 1 50835
22 35 33683
2 20 92446
28 28 74614
18 14 93203
32 42 10967
30 8 62879
3 34 34308
34 40 4261
15 1 8653
9 36 15953
6 6 81183
8 8 64081
34 32 40592
31 27 42233
23 20 87027
11 17 76463
37 10 84874
11 14 94194
14 30 42256
42 11 18543
14 26 7272
13 25 14610
2 30 97502
43 22 54672
42 43 16269
8 20 73637
1 20 35250
25 18 4293
40 10 90254
21 38 49477
27 36 95892
29 22 11880
31 44 9290
25 39 44291
19 30 85418
37 14 47137
2 38 62699
29 29 55607
33 23 91683
19 24 65743
37 23 89306
40 35 23980
44 11 32744
24 8 84833
9 20 39722
10 9 50015
24 27 54230
43 31 73209
33 40 29435
38 8 18094
30 20 83059
17 39 23963
21 43 77751
5 25 80293
41 6 31990
20 39 66726
14 4 780
5 36 41910
44 28 33595
5 26 88195
32 6 46651
8 34 49953
3 26 63209
43 37 62894
27 35 28078
20 18 17609
17 40 88217
24 27 51287
14 39 21129
43 20 21390
16 43 55767
30 16 99422
28 7 59726
39 11 83087
4 6 2573
28 7 73210
22 40 62890
15 7 96071
20 6 38931
39 39 81242
19 15 86185
9 21 74679
28 33 24390
24 14 82722
11 35 90028
22 23 96567
12 36 14754
38 37 41645
11 19 65734
8 19 70889
20 10 19147
32 19 74778
8 6 55139
41 13 18
5 25 61840
9 42 49299
26 22 41564
11 5 9262
11 17 96375
34 16 16122
20 20 78644
17 30 97672
7 32 69224
29 19 17004
26 30 59194
28 21 13474
8 26 76797
37 41 77421
16 20 8798
4 26 80074
38 26 3088
11 32 93048
25 26 18202
41 2 92782
4 33 65558
8 41 35305
23 24 4877
31 40 72540
9 40 34068
37 25 41020
3 33 17235
28 11 920
1 18 21779
25 34 12668
43 13 65025
18 22 70507
41 9 77853
8 6 38941
32 11 76313
25 22 66558
9 26 39655
40 35 50597
1 6 45242
44 2 49382
42 24 26847
34 22 53572
27 17 45377
26 24 32443
35 15 81350
24 18 30271
43 35 41001
41 19 48492
26 28 75606
25 12 70756
34 33 33091
17 1 65311
15 20 26911
30 1 88215
21 13 27980
38 26 53745
25 26 67784
13 19 87663
25 43 14876
15 4 23697
36 23 31437
41 7 93242
10 1 83389
42 6 28615
29 29 17339
21 44 97780
30 11 4153
12 24 95749
11 6 4745
14 10 78465
41 25 34375
43 32 68058
25 28 81714
30 10 24524
41 8 95785
5 35 44145
42 20 53761
42 44 46722
41 29 5002
7 18 74961
20 44 89739
10 16 84324
15 28 15704
25 28 20236
13 1 52860
36 27 92782
43 26 58270
7 15 83753
42 30 51988
5 35 85038
44 31 35705
12 34 34515
34 17 32420
24 37 10684
39 23 54676
30 14 80765
37 10 6318
26 36 90565
42 43 37388
41 11 95528
42 28 789
37 27 79584
14 34 73790
16 20 95964
35 41 76331
15 34 7501
26 27 34245
34 27 54328
9 8 39921
12 14 46449
22 2 70337
23 26 65659
22 26 45496
27 21 74716
39 36 85853
3 14 16594
28 14 39911
27 19 48969
41 4 61265
15 20 90802
13 26 74650
36 11 61698
10 2 63188
21 21 9510
16 20 62661
19 3 47048
26 18 65285
34 29 40480
14 13 15638
37 39 6524
17 41 49014
24 11 15520
12 42 49910
10 2 56227
28 31 41363
14 37 75214
17 29 98795
31 23 49324
13 18 82356
41 18 10078
38 43 15869
5 10 1399
42 21 97666
13 40 89673
13 40 97040
15 41 42095
28 40 81023
24 42 65479
18 36 89688
22 8 34185
8 40 67414
22 35 99414
23 26 94278
35 44 40717
2 33 1179
12 19 7906
14 29 97996
36 33 82316
32 31 73160
5 21 21255
6 8 10878
2 15 10047
37 18 17936
26 35 39787
36 27 2739
43 32 24387
2 40 25948
17 3 21894
17 11 63939
8 9 97928
18 1 35965
20 39 64569
17 29 34563
40 38 8350
16 26 30863
17 8 34373
29 35 65094
35 9 58996
26 43 64091
14 18 76038
37 24 86963
34 3 57088
18 39 95432
2 42 67016
21 14 83569
26 28 34121
39 14 12879
28 29 99264
37 6 61451
20 9 29452
32 6 62379
1 14 54428
36 28 27252
36 5 16365
7 31 99180
6 42 95314
9 24 78946
17 2 30091
2 32 13209
8 24 25179
33 18 19486
35 5 59293
8 33 66620
38 22 66810
12 44 97660
1 11 86469
20 43 14108
36 9 85782
21 8 74338
39 20 8520
11 14 56034
4 22 26472
16 23 2682
14 26 36399
16 14 643
1 35 45564
8 18 98062
22 37 62328
34 33 84804
40 11 15726
39 20 57510
1 15 94466
29 21 22744
17 36 32048
41 9 69511
39 7 92239
20 16 19106
18 42 85514
32 41 32760
38 2 90705
15 18 96463
11 9 71458
8 20 77204
13 34 79379
16 33 48046
22 12 76388
40 20 52295
33 42 99874
37 13 33973
18 8 33946
42 20 15816
4 24 47508
16 21 93654
12 39 60028
41 9 21992
22 20 4705
22 36 48316
24 5 68159
9 22 69790
14 37 98575
16 11 15749
26 29 29261
39 42 31399
44 37 61471
1 13 54371
40 29 74752
37 3 36841
35 40 81642
19 40 95631
21 43 48717
14 23 43503
22 1 61242
42 29 12519
10 30 93454
4 44 69055
28 26 51059
43 22 7599
5 32 3214
38 7 12854
27 44 5187
17 25 86513
31 15 3308
37 30 34336
32 43 94734
6 17 12282
5 21 5995
21 20 97270
12 43 37274
23 21 12012
27 24 60676
21 25 25933
25 24 38354
21 13 30754
29 12 53910
18 18 53361
20 37 2740
36 41 97278
35 39 24630
28 8 72774
33 3 56439
12 30 83434
9 2 41671
32 44 31114
35 18 25675
28 23 2520
10 44 44344
4 30 28349
30 44 46055
11 24 2742
32 6 72273
15 9 7756
7 4 24096
1 33 69359
9 38 8076
9 18 40875
19 16 44079
20 44 53500
19 41 25703
39 20 26149
33 21 5859
26 9 96914
2 43 78376
6 10 32469
32 21 93849
30 42 20065
39 19 73036
22 38 27935
22 34 13765
35 33 85979
20 17 63102
25 18 40080
34 27 92076
23 39 44177
26 10 48037
40 30 96677
36 38 13239
20 13 97779
17 19 96881
19 13 95897
9 33 71868
1 17 22500
23 6 13366
44 7 51227
28 4 40914
26 27 98804
33 5 32596
11 22 49977
43 2 2722
22 41 97854
18 25 83517
38 7 54546
33 7 57507
18 21 88177
38 35 67532
35 27 62829
38 21 13363
7 19 3105
21 19 91567
38 34 28228
29 15 73318
8 21 29069
27 33 53783
17 5 20679
8 39 68262
12 3 41718
2 1 11882
30 22 87949
19 36 39745
30 35 30623
40 22 67515
42 11 51161
44 17 53713
8 28 13932
11 13 75859
36 33 40079
11 30 25135
44 38 51894
13 39 36721
23 14 42159
14 37 54321
30 23 22567
32 13 42832
13 35 4689
35 44 18368
36 7 24259
28 32 52053
43 9 91546
19 1 25757
43 38 17434
4 40 13241
25 20 55200
28 41 28508
11 44 13817
30 10 10358
10 2 40536
3 11 94649
30 27 62326
14 5 96179
28 8 89886
38 41 73888
38 43 70231
44 16 65515
2 1 68408
21 4 41455
24 20 33590
32 11 68425
16 42 75485
20 15 78996
33 15 33519
36 9 86186
10 7 51312
34 12 47196
28 43 84258
40 1 87072
38 28 28145
15 5 22508
23 31 95268
16 36 45098
35 10 12909
19 24 9882
18 17 32715
40 23 42855
37 28 21936
12 8 4837
27 16 35757
10 3 89453
23 9 19568
18 31 61519
32 31 59895
16 13 66302
19 29 40172
25 5 28551
15 26 83471
19 20 67088
2 4 97864
12 35 41539
33 12 23989
26 39 23796
15 11 9762
27 25 10031
26 33 68501
21 7 7975
40 40 77104
29 37 7513
26 41 26652
39 8 65684
31 10 83846
2 9 65709
3 20 66296
20 26 85701
41 44 84616
29 8 89010
26 19 89680
3 36 13511
12 15 62925
39 35 41262
17 37 53272
38 43 8504
18 13 46542
1 41 15469
2 17 26161
25 26 98520
3 36 69744
7 25 77121
31 14 20745
2 11 14501
33 2 71861
11 14 73926
29 29 15070
19 40 88505
10 2 18142
36 11 28636
19 17 18685
5 4 70694
14 39 22379
42 31 77468
43 11 13297
39 26 65136
27 22 41117
26 15 84284
3 19 25763
42 23 394
38 28 96425
14 29 50273
20 11 64093
16 13 38859
1 5 68337
29 26 50256
35 24 67191
14 43 88630
3 6 78985
4 23 60091
13 44 85915
12 34 13497
26 15 68322
38 12 94790
35 42 26827
30 19 40203
17 39 35996
30 3 54023
37 25 50663
43 22 37632
15 22 95551
1 21 70621
23 13 25029
40 40 89944
26 6 55566
19 22 78470
10 36 85281
24 16 4909
7 24 7704
25 3 58886
37 5 58754
1 34 89823
10 7 63809
39 21 89092
39 36 55716
5 37 90347
25 11 43300
18 37 2858
1 2 25374
32 17 22504
29 24 68075
32 17 81657
23 30 17217
20 1 34785
3 4 74935
40 24 24869
31 42 76700
14 7 15947
23 28 5280
32 32 99624
14 30 39952
30 16 14553
2 26 78389
20 18 44773
42 26 74694
15 40 58686
27 33 98075
35 17 99326
43 2 43942
8 20 58499
19 11 82802
29 21 43310
41 28 45363
35 8 40375
26 27 46602
7 13 78611
4 34 2276
16 13 99464
23 27 92179
29 41 38740
9 16 52305
10 6 67221
8 13 8555
42 26 99802
42 16 96615
33 37 72319
31 16 93449
23 44 70095
13 11 36399
21 33 26906
20 9 45287
8 16 62834
29 7 33946
23 43 95681
8 8 91306
6 24 5412
12 44 93132
16 23 2619
28 23 36702
17 24 9421
12 5 58587
22 44 99409
29 22 35078
2 41 18310
15 8 84027
14 20 60795
20 26 92660
26 29 64133
14 33 18424
12 17 84987
31 13 27853
31 1 1262
34 8 3677
31 12 62175
39 20 13626
34 13 43211
40 32 69354
26 12 30918
15 28 33093
35 27 8938
31 8 48851
35 17 70801
36 25 78313
16 31 87010
11 24 26933
43 4 80220
40 31 18977
38 3 49953
19 33 61178
40 26 60548
8 40 61033
33 30 96908
10 40 99207
17 13 72145
16 20 5705
4 29 70401
27 28 39871
34 28 43806
13 40 6507
41 38 82553
30 43 59707
33 36 5228
23 43 5989
14 15 97531
3 11 45987
44 30 71924
29 41 14857
27 44 50298
1 35 44596
37 14 43777
44 28 73987
3 7 36912
13 38 44712
40 17 82016
19 40 14526
16 31 88693
32 42 82955
18 21 4902
25 39 2883
11 31 41459
3 27 57139
21 29 89754
11 10 25843
36 41 31885
40 38 94187
44 30 88214
27 3 36383
13 39 95672
19 21 18044
4 35 52736
8 28 42989
44 8 6789
16 3 11525
20 31 35280
28 8 84325
13 12 83459
1 8 61126
4 12 54066
37 9 87081
41 43 94890
32 14 15631
14 27 30963
40 13 57670
24 38 32882
30 30 78210
28 17 80725
10 19 8114
21 11 64538
42 21 87268
23 40 83740
44 30 63086
5 23 56205
33 11 23883
9 32 96366
26 41 38499
5 41 54580
13 13 13028
5 4 47119
24 43 22371
19 1 28592
12 39 62060
25 4 33132
17 13 25928
35 10 15218
2 44 3105
38 2 69262
29 38 6941
26 7 73823
16 18 75963
33 6 52106
14 20 98301
8 2 36916
44 34 5096
40 17 82915
27 21 2627
44 10 50373
12 1 87983
16 1 47007
35 7 38443
42 17 23252
36 38 22806
9 20 72772
44 25 45007
1 10 56235
38 36 60930
41 5 90735
18 17 71365
11 9 88540
36 40 74053
36 18 82357
12 25 90513
3 10 95820
22 10 77143
2 38 49387
16 15 91772
35 29 86110
22 24 46458
32 34 47565
21 18 13543
22 41 77322
36 12 16942
14 3 13330
28 33 84590
38 27 98084
12 20 35185
35 29 68935
21 17 44817
37 10 33880
32 15 82920
28 35 19970
34 40 16208
44 18 42526
31 21 71648
22 40 59804
2 5 91203
15 26 86919
19 36 41543
33 26 67801
13 36 99201
34 33 78807
32 19 77132
9 14 32411
35 10 2263
5 8 95012
25 28 78556
43 9 46357
40 39 58249
28 6 17059
25 31 346
34 35 9099
20 31 73735
4 15 56637
32 27 89665
35 19 31675
27 28 49998
2 34 62567
29 36 22868
37 28 70688
10 33 3197
23 32 60173
39 19 52998
43 1 21875
34 35 14583
36 23 50967
39 20 41483
43 26 79161
13 28 38144
7 6 99513
14 5 54815
30 36 12464
11 13 61568
5 42 55107
7 30 61388
26 21 36751
15 1 81715
36 1 98631
24 40 64951
3 27 35983
32 31 18018
35 17 69421
9 26 59249
23 16 68540
3 24 46298
4 9 13488
40 20 83487
6 6 15600
4 40 91447
40 40 2688
22 6 102
18 18 40695
1 39 70255
41 1 4610
41 39 5127
9 15 7251
20 34 25375
11 30 35035
20 5 17074
9 15 51432
36 12 37993
32 4 98716
31 15 72760
23 44 29959
8 17 50230
41 28 20031
2 37 87918
38 31 56825
42 16 68631
43 31 82756
35 30 16704
1 43 8916
1 17 57323
38 32 37741
44 20 67330
24 30 18574
37 10 63470
32 1 98696
24 40 1106
38 39 80957
41 33 48641
28 16 29602
43 14 59049
11 41 85833
21 7 27532
14 36 32442
32 43 23985
28 12 37022
35 22 40177
17 21 70973
7 31 36722
26 32 48211
2 8 5381
5 29 15234
32 17 42404
9 36 1224
22 26 21553
25 17 62218
25 37 47504
44 26 22059
10 11 96464
15 20 80888
3 36 19256
21 36 71131
19 38 99643
32 31 44194
35 43 57395
36 38 57144
15 19 40217
4 31 47236
31 19 13148
38 36 68862
14 35 78961
31 20 68981
6 3 22292
36 7 75826
9 31 86152
14 13 15123
20 26 57859
36 41 77622
31 16 56519
25 25 81743
37 12 93732
16 29 81851
25 6 89181
44 17 3329
20 16 2872
3 21 63273
44 18 33911
37 13 94543
30 9 93329
1 14 853
20 21 95391
9 25 62763
31 3 11453
14 32 5555
17 7 74348
9 44 58013
26 36 14864
18 41 39696
27 17 8518
23 37 38302
34 12 37762
18 7 88569
10 39 57376
2 31 61696
4 8 38044
30 22 76748
18 16 52351
10 27 71622
20 23 29488
15 13 25124
40 43 9022
26 11 18957
41 36 62878
40 42 20205
2 10 69295
39 37 63387
3 28 27483
30 11 14564
1 20 10089
4 31 17294
1 44 98692
44 30 96575
32 8 20337
22 17 38155
5 40 58883
8 5 58683
16 13 10346
40 26 39924
28 21 66732
17 15 56427
36 13 76638
20 37 80359
12 7 45205
25 13 85335
8 35 1335
43 12 89500
21 13 368
13 22 9510
37 39 17999
25 18 34723
19 1 71898
2 20 54352
40 28 25547
6 3 69816
8 35 51867
11 22 26372
23 36 78421
14 30 89471
9 3 90834
32 1 45373
37 38 24682
20 13 6362
42 3 39724
20 22 68558
33 36 4001
37 27 85689
24 36 52221
7 5 52201
32 27 54741
12 10 11583
40 13 95533
44 21 34526
42 37 13405
13 27 21208
43 16 87438
31 6 33297
15 8 20679
36 35 25715
10 27 94391
41 35 33365
41 14 76133
41 34 42343
31 25 89247
15 8 93010
17 11 8352
23 4 89037
32 32 77805
41 18 23445
37 40 48835
30 34 41881
37 34 60892
10 12 93164
12 43 16498
15 25 26419
40 23 3101
44 44 78096
16 1 34888
44 34 6650
6 21 30566
40 40 19609
28 5 16482
43 2 50004
36 32 78310
1 24 65426
4 6 57488
33 14 83039
8 32 52710
14 24 53340
30 43 92536
11 9 10912
21 3 66517
39 12 54398
14 34 61482
42 17 53834
42 36 42658
40 38 20798
34 19 40240
26 2 55792
16 10 68659
43 26 84257
16 25 84171
39 30 44715
44 35 16088
41 9 22961
27 8 25964
11 14 69106
2 22 18760
2 36 59439
35 4 60332
27 1 3786
2 28 29779
35 4 67839
11 14 35016
18 23 6997
42 44 50575
23 36 57047
33 41 51677
13 26 22495
14 12 45150
7 4 55968
26 40 61230
26 8 53596
36 32 19644
4 24 59025
17 15 15991
32 39 91296
1 44 61066
20 22 93535
2 37 15715
2 40 55635
4 2 89728
7 19 46128
4 32 56192
28 14 8423
7 13 87398
5 4 32719
32 7 57522
34 27 16214
44 6 17612
4 42 15794
37 20 14526
3 7 85123
4 36 55827
21 18 63878
7 7 73941
27 27 53599
17 36 95274
32 35 11042
16 37 2156
41 28 15725
29 39 89359
19 11 9178
24 10 63176
24 19 55892
31 18 33377
28 24 72489
10 13 79357
11 23 5882
2 13 77054
43 6 92281
37 32 97133
34 32 87445
38 26 95099
29 35 50605
29 7 26573
30 41 77368
21 36 25443
16 2 83691
21 14 67039
37 36 27870
1 37 14261
42 5 40314
22 25 71547
30 36 92770
15 28 83120
27 35 46387
5 11 39657
14 9 49509
44 21 56756
5 3 25045
11 4 62782
5 2 68446
21 10 59997
22 20 31327
8 36 76789
42 23 64222
11 20 9244
41 28 42355
39 22 4547
12 1 69109
39 33 87694
5 15 97456
35 40 95850
30 29 95350
30 26 4120
30 16 8218
5 34 93675
23 16 2388
30 43 92569
43 38 55807
15 15 74203
15 42 55716
14 32 14713
16 10 62098
28 41 23387
7 6 56729
12 3 77851
42 22 62326
43 15 25018
12 35 37521
7 4 79732
42 43 19913
32 17 44366
2 22 51003
16 43 36372
26 37 9007
24 20 97382
4 39 44996
9 42 40911
36 26 47006
28 7 98330
15 32 89166
29 10 40386
32 7 87962
2 34 78384
23 11 25668
33 1 2860
30 1 88218
15 3 64323
10 16 38347
35 6 79946
9 5 28038
16 9 99927
34 16 81099
29 18 49096
39 15 17188
9 18 82974
11 14 73703
41 5 46336
21 27 28571
41 2 77990
37 15 62959
27 12 73247
39 40 91979
17 43 48944
8 35 58422
31 12 82034
43 40 39911
28 15 37070
43 44 85293
2 3 9396
3 8 29140
37 32 86805
7 4 52222
30 28 43698
35 8 65306
5 29 97557
10 43 8837
8 12 70576
21 30 33326
15 41 50586
24 19 66700
24 28 49650
4 30 83770
6 12 28754
15 23 78249
9 44 29372
42 28 44563
15 35 12208
30 36 10904
19 34 8355
42 34 18538
38 35 95293
37 24 18107
31 35 99635
37 23 90289
36 5 29057
41 13 95476
24 21 49361
8 22 711
5 38 49672
4 38 18540
27 27 3284
6 35 54266
30 4 5926
3 5 88735
26 24 3206
27 37 2716
44 19 48655
13 2 66347
26 24 31178
40 9 99480
9 27 91550
12 29 43050
26 3 1759
13 15 41175
17 34 96256
9 8 2466
26 12 32053
13 30 7136
6 32 74980
17 24 34863
32 6 95492
32 6 73800
7 6 41064
29 7 11647
30 34 88496
10 22 18858
15 30 72033
29 21 86736
30 2 9151
27 12 39923
16 31 80616
6 34 75204
30 43 63941
5 17 94199
20 2 17031
37 18 64761
28 41 82335
3 1 19269
21 16 50575
22 21 42679
12 29 29690
25 34 20578
34 2 97
41 3 69704
16 38 66439
20 28 8583
22 17 1438
1 30 3300
12 12 5916
18 5 37749
10 27 15206
35 14 65238
26 34 74472
32 23 40715
29 6 90501
21 34 63090
17 38 75649
16 16 63908
9 43 9255
41 29 11637
38 35 5211
17 44 95782
33 5 41834
17 13 58469
2 11 55733
42 32 35559
43 44 47369
37 13 98262
19 5 88197
17 41 79007
29 11 51983
40 16 62232
19 35 33722
38 12 98230
14 12 34686
23 39 93234
41 4 21034
19 5 64850
18 11 44140
28 27 62741
5 40 4715
25 16 10171
41 2 59849
30 34 53623
40 17 95503
29 2 32040
31 4 98521
44 25 22209
11 39 67105
4 25 46119
41 44 50446
2 9 64529
23 18 33947
17 24 39110
3 15 11674
38 20 44922
29 22 61234
43 29 13262
8 37 55624
8 6 415
34 8 82432
41 8 15058
37 31 62459
2 16 11263
29 36 59926
14 4 16497
22 11 96123
34 17 27038
9 29 32159
8 28 64734
34 1 87440
12 26 58395
12 5 44900
37 33 35092
26 13 46950
43 9 87354
6 34 65618
23 29 13557
36 27 93411
8 32 13476
12 27 28030
29 41 97871
38 29 42945
31 34 39742
18 1 48953
24 34 41190
19 26 59794
8 15 10237
5 21 1448
24 1 69022
6 10 22450
18 2 41919
30 17 17047
14 4 78762
27 36 8656
14 28 44815
35 29 25471
1 6 81641
26 37 49345
16 34 98892
16 21 22787
24 6 69260
17 17 45055
28 22 51674
12 42 88332
16 34 81121
1 11 78654
1 43 18322
1 37 47009
21 10 15691
10 31 95476
17 27 5491
27 34 96707
2 10 65495
6 26 55980
44 42 41643
36 13 90603
20 38 66635
8 40 97071
15 29 79857
17 21 81019
3 18 34843
7 44 65991
11 33 44307
40 41 95257
40 16 13786
6 42 15449
37 34 18655
40 43 24497
25 1 86872
1 4 70195
29 20 23515
24 10 64338
26 20 1096
31 28 93744
22 31 973
12 6 49991
5 30 20782
17 15 99237
39 42 16778
31 6 80372
31 30 70133
40 17 60698
28 26 5418
4 19 23503
7 4 36515
29 38 89952
33 1 19690
32 25 40638
11 37 91261
9 26 50498
37 38 4679
34 17 58445
11 18 41515
10 36 82412
27 30 96252
23 4 57325
15 37 55250
31 40 12089
12 5 46204
27 4 29589
41 28 2091
4 31 17199
23 16 124
35 1 93772
41 23 24923
39 29 10710
23 35 99862
34 38 30700
28 13 1508
7 44 98134
9 12 50144
37 19 33246
34 25 71460
33 13 49384
13 39 78422
10 21 34834
28 3 91897
26 11 10706
41 2 28498
22 15 1758
21 17 44955
18 27 63089
9 14 61737
8 4 41300
22 4 52113
29 9 11424
44 20 94876
30 16 91398
18 27 53843
30 8 63352
4 14 80475
25 9 18237
40 38 88638
41 35 28342
20 35 34992
11 29 55678
21 32 52804
37 1 36005
8 13 40261
17 29 74833
7 3 41638
24 5 37966
43 19 86818
8 27 73350
1 29 63757
1 33 19821
38 35 92094
12 23 22131
35 5 83291
36 22 8812
17 12 12891
28 42 2211
28 36 79550
24 24 18781
22 36 79886
21 6 6439
32 28 20492
6 29 26816
44 20 12058
40 3 69354
13 20 24950
18 30 25697
2 8 21000
12 34 24301
24 24 39038
31 42 42848
40 14 89012
23 36 69361
18 29 74557
27 20 59928
6 40 631
43 32 53034
1 16 51415
39 39 7568
35 19 24989
15 38 66926
22 2 52237
2 40 46926
43 4 85894
30 36 55801
26 3 35284
41 4 83844
37 28 17967
39 26 25385
27 17 61692
7 20 92338
13 13 90486
14 23 45222
13 12 74781
30 5 51975
3 33 85744
15 4 7634
37 13 22769
31 21 28413
37 26 45772
2 10 14478
40 35 41748
9 20 47956
43 40 50248
21 31 20935
14 38 13127
4 23 35430
29 35 59150
41 19 69929
6 5 78981
25 42 15
12 17 46438
31 1 2078
35 11 39864
9 13 65897
41 29 65577
35 30 24196
13 29 72638
14 42 53650
9 24 24149
19 20 64392
25 36 90716
39 13 24248
36 36 3085
44 37 33721
9 20 25882
10 31 420
28 8 36255
22 40 53087
10 4 39433
14 43 79773
7 41 68170
19 39 89765
13 20 70899
19 33 50699
9 22 31500
6 40 80412
29 9 4954
35 18 15515
23 11 31906
36 41 96842
43 21 81370
43 28 15650
32 12 95352
34 12 37110
18 32 88971
4 23 40872
3 20 22633
31 41 97574
42 24 72541
19 33 88639
42 3 7250
26 11 1665
43 5 41512
44 16 20633
14 35 6100
37 30 27941
27 17 964
12 26 41327
17 37 7596
42 37 93810
38 43 29133
35 10 98189
35 24 18899
26 4 11924
12 39 1047
33 12 74677
32 28 92858
36 18 43791
21 2 5347
7 11 15645
39 20 36069
11 16 29512
27 44 20511
38 22 90113
5 40 82130
25 43 73868
8 25 7884
1 10 58573
32 30 78714
15 38 17068
17 33 41855
22 9 71051
42 11 23529
25 39 13543
40 23 32399
4 7 78144
33 22 92505
21 7 84032
26 26 1960
30 11 90055
35 26 33764
29 29 94984
22 24 57234
27 21 68360
6 26 52921
7 33 54949
20 39 46919
42 19 81841
29 19 89264
25 2 149
15 4 18854
32 19 1139
30 30 78088
39 39 70804
2 43 84215
40 14 47366
5 11 12194
22 41 56081
4 24 62542
29 13 46966
14 9 55075
1 5 8648
16 9 19355
14 31 79237
21 25 19749
24 20 99863
30 37 17996
7 19 33869
27 35 10515
30 40 3503
1 41 89063
2 39 23675
43 4 30056
8 9 59717
27 22 74404
17 8 22428
41 44 81389
11 38 81528
5 1 28153
39 36 19262
28 32 43067
44 40 23730
22 7 54632
44 15 99576
4 26 66861
37 14 38425
38 38 32180
16 39 77719
33 38 39795
11 28 92696
13 11 13118
1 19 18906
29 7 67001
2 4 22086
42 32 2981
19 9 96938
13 39 68238
41 15 38549
28 44 7093
38 16 40230
8 4 39262
13 4 3439
38 32 89222
42 6 21497
30 36 9378
17 24 14883
2 19 15727
25 41 46128
7 41 28578
35 26 44507
13 4 59052
4 34 90916
34 29 41587
1 16 91036
16 19 6819
7 6 38202
12 41 51929
11 33 97641
1 10 66982
15 27 40864
39 34 46822
4 1 6223
15 23 75639
29 33 40795
20 1 43243
23 20 94922
12 1 2084
17 15 47557
14 22 26945
42 37 65201
8 34 5520
43 10 64893
37 25 89489
22 34 11714
27 12 29638
33 42 30596
29 24 23555
14 11 21961
40 42 24829
8 39 9940
14 6 13826
41 15 13361
6 38 63325
35 6 54459
31 11 59668
6 2 22915
9 36 59909
13 4 6323
21 12 86655
7 28 18990
44 32 30071
38 39 93894
11 18 46611
15 16 6071
27 14 8611
4 37 26233
14 25 70453
28 44 41427
14 9 14667
18 39 53445
14 17 24499
23 35 77688
8 37 84022
11 4 15661
33 34 29226
9 27 87209
5 20 96261
15 40 56344
6 40 29640
13 35 12877
29 44 2998
42 17 25246
36 39 58457
43 12 25652
13 6 13833
8 9 43001
2 17 7240
39 9 51651
3 27 19113
36 38 42718
12 7 16408
23 3 60995
8 21 22769
27 44 44335
26 37 12756
7 14 86892
10 24 24634
26 44 54668
30 23 62617
44 27 66572
8 12 29638
12 13 20169
36 40 70269
9 21 65735
19 3 71126
16 40 90385
32 7 34475
34 30 65021
15 30 17285
24 24 77929
31 16 81216
13 20 50842
22 23 83305
28 32 25476
34 40 17725
11 39 63497
39 39 97339
40 3 11888
38 3 1874
21 11 13057
1 15 65742
42 12 48032
2 25 91747
30 5 77885
14 24 52266
25 9 28175
2 17 32915
22 21 51915
42 13 27029
2 27 15051
12 3 55487
15 30 4987
18 3 54052
18 27 45795
20 24 89422
27 41 65512
24 2 71015
8 34 51858
20 12 64898
5 24 26684
38 8 71644
15 5 88891
15 11 44716
26 10 16192
4 8 29725
25 17 72263
38 37 37741
23 1 55032
17 38 4252
32 1 10476
29 35 66347
35 30 63561
22 2 37570
37 4 22186
35 16 6603
36 30 52302
24 36 2615
6 43 12885
43 15 87615
18 40 61294
20 17 71456
8 43 74487
26 35 26015
14 23 84931
34 19 65354
8 27 55166
18 1 82981
41 16 39228
2 35 6397
14 20 27725
34 36 64496
31 30 95381
6 14 22508
29 22 62643
30 12 40721
26 8 17228
11 25 61257
21 10 86597
27 25 37407
23 44 878
43 12 43369
25 19 78910
22 15 51195
23 4 22298
6 27 34208
23 13 26774
8 10 61467
38 21 53021
16 3 30729
21 30 25454
33 41 54071
22 2 5438
39 2 52535
2 11 71888
34 41 36789
35 15 17252
1 19 88635
26 9 59173
6 27 12884
31 37 79717
27 40 86380
36 11 35382
19 10 87291
10 4 56159
14 13 75782
10 20 43003
26 3 10274
1 42 26056
14 22 1048
28 10 4975
37 10 15352
25 3 25605
5 35 81630
30 27 69902
12 27 82271
26 24 38199
25 17 47474
15 20 72467
33 36 51569
29 11 17665
3 10 87375
43 13 5410
41 30 34982
28 40 3359
23 34 15467
29 29 36625
32 32 5464
9 5 9357
10 9 98867
4 43 39041
18 31 12042
41 13 40029
29 36 99336
12 42 31877
40 19 48016
7 5 1142
8 6 63597
32 44 59719
1 4 6188
10 24 39428
16 27 50511
5 10 60555
16 5 81867
35 4 54195
11 39 8856
12 10 95505
17 41 33310
40 5 82080
32 7 16767
29 18 31416
22 1 80063
6 12 60417
12 42 63174
1 23 82850
35 35 12351
77610993
