32 1102
17 17 53991
22 32 63408
20 9 90034
8 18 86862
16 27 10442
17 25 79260
29 5 80939
3 9 4428
17 8 57042
16 11 79746
3 7 55007
2 12 26155
19 25 68685
1 14 28200
9 3 77465
12 24 58804
15 23 66331
29 7 93065
29 2 86777
10 18 19906
21 31 27243
1 27 56636
29 12 57848
18 7 11803
16 16 38940
25 9 19655
21 19 81998
9 8 64414
16 1 69071
10 17 14833
14 24 40889
29 1 25293
18 20 70064
30 20 16312
31 13 34065
5 18 97917
20 25 80803
28 30 27866
16 19 49218
9 7 23343
8 17 27955
11 19 50349
6 27 40520
14 31 66531
12 23 66763
13 2 68396
13 28 3520
16 5 6591
21 21 35192
1 6 57866
7 21 5122
29 1 40072
19 32 26299
7 32 98772
7 12 44059
29 13 88176
32 3 11502
8 4 83643
27 4 81048
4 7 52367
6 18 72152
23 2 38309
16 32 88442
22 18 88339
23 19 18374
14 23 21016
11 20 26733
19 2 65682
24 23 92618
2 20 36600
7 5 59646
29 21 49811
21 10 70687
3 15 95092
2 6 70822
11 30 83844
17 7 85209
10 24 58723
18 13 43265
3 4 61091
8 7 5606
25 3 57666
6 17 7708
20 15 63700
22 20 14581
1 5 13209
2 5 57972
1 24 99723
31 3 23958
31 25 87195
26 20 70165
4 32 99494
2 28 72430
22 2 78616
2 15 48184
8 4 32688
26 26 44344
31 25 12198
22 16 50542
26 13 79797
5 2 42118
28 6 9584
31 2 32903
25 6 36012
24 29 35205
18 23 1426
7 12 66999
16 2 41577
9 19 95742
5 23 28221
17 6 69731
2 3 20710
4 22 15084
32 31 89176
3 27 96293
1 2 71029
22 24 76398
13 8 31677
32 5 18034
5 20 77154
9 17 36318
9 22 29100
7 29 19566
2 24 25781
5 4 43359
30 23 71782
8 7 10238
32 22 75010
15 12 92392
11 32 94870
18 5 52650
12 3 78068
25 6 82913
4 31 87578
26 12 65253
32 16 80813
23 32 14193
30 7 71059
3 31 57353
22 20 3501
19 9 12590
8 24 96639
18 12 2996
4 23 80321
5 25 45391
29 11 2604
27 10 55213
10 9 65024
32 30 31512
5 20 76010
26 29 44005
20 28 17742
19 14 12196
24 23 96190
1 26 90221
18 19 66690
31 16 94603
4 27 88640
18 18 3126
23 3 88944
20 9 27701
28 3 91944
16 7 11969
27 16 76836
17 20 13392
2 21 36160
10 12 11259
10 20 50763
17 16 96078
32 6 48770
30 1 75735
25 10 45298
23 11 11141
29 25 43876
28 29 24145
28 21 33513
26 11 6827
3 25 11705
32 9 80975
32 10 64246
22 15 85040
27 32 8826
4 30 2179
25 29 68815
22 4 34342
25 11 54642
26 31 94700
7 29 47278
20 31 53190
24 1 66759
7 24 70238
15 13 69839
23 17 83005
3 21 16788
19 23 31246
5 23 26349
30 30 89127
28 12 58909
26 29 91499
25 20 26092
24 17 43063
17 25 76214
23 18 84894
21 17 91180
11 23 71601
23 11 4408
4 19 14238
8 9 99834
15 32 47500
27 20 28848
32 27 36842
24 15 20723
23 20 2360
30 5 9213
19 30 75598
11 25 36253
20 31 45164
22 19 66290
9 29 83011
14 13 81317
20 15 69665
30 27 67382
5 30 71298
13 12 24504
19 26 30358
11 13 70785
20 25 54160
31 22 91133
31 14 60277
12 13 35591
31 7 25281
19 8 71708
16 29 94146
1 27 70730
17 5 24807
12 25 75512
23 4 47641
7 23 86725
16 32 18276
4 28 77037
22 16 87607
18 8 25069
30 12 32429
14 32 62821
14 3 9010
6 12 73410
29 32 59263
26 23 17988
22 7 12262
5 19 29933
13 7 53440
5 4 95420
18 5 49239
25 16 57354
26 14 8822
13 6 85951
13 2 77917
8 2 65889
4 22 7409
13 25 55363
12 17 33986
5 4 85344
21 32 88356
7 2 33188
29 16 93156
22 28 29154
27 27 86026
27 13 29432
2 29 60052
19 29 17763
23 31 34163
10 32 18330
26 1 78709
15 5 15132
4 7 28289
15 5 63117
13 32 15593
8 26 40496
11 12 80355
4 23 62494
6 14 18947
20 2 47644
9 8 88389
2 23 78155
6 5 7945
21 13 16062
20 30 79593
8 14 53141
31 18 91718
23 6 72189
26 8 67797
1 6 53235
26 1 61789
24 31 54854
1 15 95635
21 25 57780
14 9 41772
14 10 56622
17 11 8017
12 20 92471
9 12 15395
29 5 12339
20 25 26671
21 4 34619
30 29 88009
23 25 67588
12 20 65503
10 15 31268
15 25 67675
23 11 43066
18 6 43443
25 20 52289
17 21 79775
5 9 16076
20 21 15219
32 5 54172
27 9 53787
2 18 67361
11 12 51116
23 13 55736
3 9 42450
28 15 90461
10 15 54329
30 2 24335
22 24 52012
8 28 31549
29 32 8901
4 26 40393
29 5 77557
14 2 20384
20 12 2494
29 20 49177
31 5 49657
9 20 67584
20 15 66408
16 16 21751
25 8 7631
17 7 39831
5 30 20269
10 4 31883
25 15 20694
3 12 82922
13 23 705
30 4 12426
28 10 81073
16 8 42774
15 18 92087
15 18 83322
31 8 92895
17 18 36514
3 26 63090
11 19 43835
12 6 77239
24 6 49732
2 8 45299
9 17 94013
32 19 7177
32 30 81774
10 26 69530
27 1 94599
12 16 76983
27 9 28607
25 9 1767
3 3 90734
19 2 96899
23 8 82376
23 12 93778
9 8 12769
11 13 88893
24 8 38159
6 4 83498
26 2 27394
19 9 39856
10 10 31750
10 20 47139
30 11 43993
18 2 46463
11 1 87483
27 26 18788
22 6 84777
28 28 60678
26 7 32124
1 17 53868
31 13 2730
6 8 16420
11 24 29837
19 17 20375
31 4 78751
12 19 86400
19 4 13978
11 31 56196
8 31 48626
17 17 83457
19 12 34187
17 1 32075
30 2 1582
30 29 82913
20 1 1774
21 30 7951
18 26 55149
8 3 1591
17 24 2831
11 16 65394
17 22 45928
29 13 25039
9 25 56810
18 22 40778
2 12 82606
6 31 27393
30 12 28454
3 17 72593
18 28 86151
29 26 77972
13 15 53066
4 19 11926
3 6 92646
32 6 75314
8 27 8975
27 21 27699
17 18 16537
19 11 92800
9 15 66900
8 19 67595
7 28 66353
6 9 60348
22 6 63560
9 9 11932
13 18 71042
24 27 43870
6 8 86452
10 23 80824
32 16 13050
24 6 18269
13 8 18130
18 18 25052
30 10 74176
12 1 60701
29 18 71613
6 16 47908
14 14 81908
24 32 18664
28 21 53754
4 26 69090
7 20 97626
25 11 32196
5 9 20420
2 14 52325
24 14 13489
21 29 11009
30 17 36273
29 27 75966
13 12 22233
5 22 85895
14 14 22749
27 13 30156
22 19 93310
2 21 69020
17 21 70504
5 26 75461
18 6 29932
24 28 69976
16 13 7134
10 24 95987
30 14 94562
28 17 23503
12 23 47413
10 9 25044
9 21 75264
26 21 90771
5 17 11610
28 26 13279
11 28 22063
1 25 98955
5 2 77578
3 23 48023
14 11 11064
4 18 83505
11 1 34410
21 27 18175
16 11 94591
11 31 94137
30 25 29337
29 8 51521
11 13 67949
6 19 19006
5 19 45387
29 13 30754
19 4 27670
29 20 71851
24 15 14954
9 5 20737
26 11 12194
30 12 74121
8 30 64022
1 1 12690
2 17 3948
20 32 48172
19 23 93178
1 20 11009
14 21 31628
16 17 18564
14 24 34874
4 22 55322
19 20 43253
9 11 96353
12 25 81552
9 23 84135
26 4 24139
7 16 95939
25 1 56329
10 1 7104
25 17 9459
11 9 5646
21 32 96819
11 25 60447
4 30 88413
20 12 1662
19 9 43516
11 30 74429
28 26 16247
23 29 60266
30 4 66805
11 17 83127
9 32 41510
25 11 85533
18 14 31237
22 15 54802
5 3 18893
23 3 28740
31 19 82119
32 4 16246
17 13 12881
1 20 31674
10 6 47781
27 8 86363
12 31 4174
4 16 78879
15 28 81044
5 1 23002
18 13 89447
9 1 93577
13 9 15481
29 7 22719
11 1 15518
16 7 58586
32 6 85970
11 21 95653
13 15 11342
15 3 87000
32 28 58860
29 27 67098
28 19 75493
11 24 7764
32 6 34726
7 28 33630
24 25 42925
5 13 68432
32 3 26247
22 23 24784
13 9 92749
12 11 91534
8 8 75183
14 31 91299
5 19 68686
10 13 51880
11 8 55698
29 16 57839
3 15 65531
26 8 70014
14 3 16475
24 17 41877
7 21 88637
19 16 41692
25 19 41109
21 6 51072
5 19 18859
16 24 44877
27 2 55199
13 24 28967
2 21 12811
19 3 84167
9 4 79349
28 3 23270
30 20 37491
8 1 47942
14 24 19965
2 14 2214
17 31 79467
6 14 65679
32 12 4304
14 22 42648
26 31 81782
15 10 62016
6 26 2632
21 4 58550
16 25 46625
27 14 10049
10 30 38663
7 15 30511
23 1 98537
16 13 89229
8 29 69622
15 22 35531
31 7 31525
5 29 52898
9 26 19330
16 9 62125
12 4 63983
23 1 7093
30 15 71635
14 24 28223
16 11 97629
17 5 95725
27 24 77300
14 11 98764
9 1 20956
16 18 77526
6 12 95158
19 8 26158
26 5 13772
17 4 67431
12 30 77876
1 32 9921
24 32 97416
29 23 99065
2 25 24100
26 27 91808
7 17 35075
8 22 46036
16 27 52071
32 16 69680
6 17 18404
3 20 17512
14 1 4933
21 26 27087
25 11 80219
18 7 18305
6 14 75072
19 19 36216
20 12 48550
6 5 35239
2 3 33682
25 30 99352
16 4 4706
20 13 80048
18 7 72605
18 2 48417
31 32 27225
7 18 84398
14 26 8140
16 3 23394
3 30 94701
23 5 4792
7 25 61080
22 23 98616
32 13 83481
5 24 54254
14 9 13652
21 11 20899
26 2 31072
31 11 33588
14 28 52354
2 31 65403
4 9 42846
32 16 87893
13 32 35830
31 24 3868
14 21 98237
32 2 63675
5 11 79000
6 10 15521
19 5 63121
25 5 88523
8 16 18578
26 21 53473
31 27 37425
15 30 38732
4 32 20911
6 22 8807
14 2 61259
32 23 618
24 19 10751
5 23 90842
31 24 68961
30 8 68465
30 22 39117
28 19 65191
27 7 18459
5 25 56124
2 26 69839
17 26 61256
7 27 33189
11 1 30248
25 29 47670
23 2 77706
29 6 75569
13 5 974
11 3 16023
20 13 78229
28 17 24633
20 15 30568
29 28 79459
16 15 80521
23 11 55910
26 7 42141
20 6 54957
14 31 98979
10 19 19014
15 10 28991
13 27 26805
14 8 5962
1 24 77634
22 29 80461
22 10 12644
25 2 27755
4 9 17730
29 25 52406
19 28 62705
5 7 89516
14 3 42730
13 8 19465
10 28 50764
24 16 68508
21 29 59402
28 25 52253
13 22 73582
21 31 6798
25 26 14770
22 25 65455
8 15 55813
3 31 73402
27 6 73112
3 31 82496
9 4 59400
4 27 51468
13 16 22524
20 7 59046
3 7 20402
7 11 58634
25 28 72916
27 19 1062
12 11 81998
11 30 88078
25 7 51542
17 29 3434
10 14 60096
19 1 84053
21 23 18272
6 12 22475
16 30 67513
32 19 38839
20 23 10817
13 22 79593
14 4 34135
3 13 18071
19 25 89964
23 30 74439
27 5 93745
3 7 88289
11 25 86632
32 22 63660
8 14 63405
31 3 34334
28 19 56156
15 4 36081
9 14 18317
14 4 14846
3 22 20714
21 16 86733
17 23 64009
15 25 11653
5 30 28162
18 15 60605
3 29 28507
18 6 83231
20 17 74783
14 20 2311
6 14 39816
7 14 33668
16 21 30566
19 32 10089
3 1 18595
31 31 56748
21 29 68632
3 8 51623
15 24 2324
23 23 9736
4 13 35275
13 21 55144
31 29 25585
15 7 13402
14 19 3822
11 13 42069
5 11 11213
30 14 63526
8 31 34142
7 26 17198
24 11 79180
18 14 74838
30 8 10116
20 29 79012
2 2 53943
20 8 60802
24 17 49739
1 19 56111
29 24 46842
17 30 82094
20 27 76762
15 3 16158
18 28 7754
22 1 72883
7 32 8919
28 4 30873
31 6 79820
5 30 77138
17 15 55725
28 6 14754
6 32 52427
6 31 97263
19 15 28753
31 1 86108
27 30 90988
28 9 74189
27 13 48984
19 9 26839
8 6 27173
14 13 81876
18 6 89465
18 14 42136
28 14 20369
5 28 29794
19 10 17003
4 29 42785
28 27 49997
5 6 24480
20 22 93963
15 13 91298
4 12 69184
29 3 45654
24 29 70488
23 17 68357
25 3 42907
4 28 43668
1 5 38593
19 5 28315
6 5 8310
23 21 63177
10 30 32526
20 29 21539
9 1 31324
21 6 42966
10 31 44706
2 15 67380
26 19 91980
7 19 33747
25 12 83237
32 31 64338
10 32 11048
1 10 14514
7 24 25658
1 23 23744
8 24 32606
30 17 73689
4 3 24027
7 8 9827
29 16 1149
5 8 53813
29 30 88851
29 28 62516
19 32 17575
28 8 37920
15 3 23566
7 21 69640
29 26 26130
9 6 82025
31 17 97423
15 10 42415
30 7 73874
31 14 71267
23 22 32596
4 30 32166
29 30 95732
20 11 97304
22 29 41201
21 4 7212
3 25 11412
13 21 21430
6 32 79673
26 17 86665
1 2 75736
12 12 1646
11 29 91514
13 7 2587
4 12 893
1 20 22593
17 26 84965
15 21 33559
30 29 68123
29 20 74742
19 27 39490
11 24 21149
29 21 67097
11 24 83646
5 6 54195
14 5 46110
26 10 43943
26 1 91324
18 5 42440
26 15 3342
10 11 3437
12 16 40011
9 14 39866
19 12 73735
16 4 97270
20 1 3474
18 11 27939
20 23 46971
6 18 38644
24 29 53066
16 25 81849
8 20 2185
14 20 13583
13 17 34393
30 27 30206
20 30 3098
24 1 11438
28 32 66136
1 16 64467
8 25 10829
6 13 70947
1 4 55116
15 12 58409
3 32 61020
18 4 34056
26 24 51038
5 29 52165
21 21 92272
6 17 17344
5 18 40646
14 28 21490
4 11 50079
15 21 50476
32 6 4179
7 22 90891
19 18 24534
18 28 92516
11 15 26996
24 25 59121
28 19 11034
29 26 20225
23 17 76173
24 8 87286
21 26 11049
24 25 87688
18 2 15629
9 14 53409
8 2 14728
6 13 83597
5 21 43968
1 13 2803
3 20 28687
20 30 61512
9 31 96777
11 2 20953
14 14 30788
15 9 89168
23 1 59476
20 13 24852
27 22 49058
2 23 55609
16 14 88119
12 11 9857
3 5 74084
28 5 89457
9 1 33672
32 24 2090
4 31 23320
2 6 78062
28 24 10307
25 18 51323
17 31 81695
17 5 35583
31 19 40169
20 3 55963
29 14 45729
15 18 48211
19 20 45822
16 2 40421
31 6 98102
7 8 26800
4 29 47231
1 15 5605
17 26 36162
3 17 21127
17 14 52653
11 1 45646
16 18 71355
27 28 95742
4 11 12224
5 1 68214
22 3 6858
14 4 35111
2 12 29262
19 18 71882
28 6 87936
28 15 35261
22 15 97485
3 27 21997
32 5 3592
31 28 50576
11 8 52349
6 22 26367
18 16 99063
6 9 97704
15 15 91592
30 19 43815
2 13 36538
19 15 73684
8 16 33876
17 17 62283
15 18 16167
17 30 22492
5 11 45016
32 31 58617
2 18 41043
9 2 83084
27 4 68846
26 15 99573
16 28 78266
3 5 72861
19 25 54146
2 13 62786
29 14 33543
8 1 3120
15 5 70320
7 20 47587
13 27 18989
22 7 87625
4 22 52675
21 13 8502
12 13 52868
25 24 91861
22 10 13159
18 29 79188
14 3 85970
14 12 78814
31 13 94313
19 11 61229
10 16 2162
9 28 37319
17 7 32966
5 23 30902
13 23 90348
9 12 31058
15 10 35834
31 20 67439
10 17 31650
4 3 80210
32 4 51725
4 7 28740
29 6 89111
7 5 83569
1 23 54423
21 25 94680
23 1 27495
18 1 6615
21 24 26610
3 22 64294
8 26 28027
9 9 572
7 16 58323
28 24 31102
25 6 96969
25 14 78910
22 8 43459
9 29 70710
4 28 97868
9 30 61069
27 11 74750
7 5 56539
6 24 65187
19 7 98317
1 8 1382
14 29 73170
29 14 81698
23 29 23767
8 24 24079
21 28 22274
20 8 23619
13 4 17431
6 25 60013
27 22 13456
11 10 95932
6 2 48051
12 16 14265
28 20 1577
24 27 95633
29 18 46094
25 18 45857
22 5 73246
14 19 52912
28 20 76844
958137842
