41 362
13 39 98142
1 4 9288
2 41 18970
15 21 39244
15 36 45716
22 22 97733
5 25 12232
34 7 92084
27 12 24522
37 8 92623
20 33 18174
23 2 88368
17 28 30087
41 28 97053
5 30 39696
33 37 21492
23 8 87674
27 18 31674
29 4 69326
35 16 21878
14 3 48695
11 37 82617
34 27 81821
39 2 99627
41 13 43724
1 36 56443
3 22 54381
21 16 56531
20 7 11229
29 11 77239
18 41 87339
27 40 26233
23 40 9067
29 38 45072
3 4 9594
18 11 21377
15 15 75717
33 36 55970
19 25 86361
23 38 33472
14 33 39896
3 30 61435
12 22 1992
40 11 44960
34 6 80880
21 41 20181
4 15 67668
8 25 73626
15 4 17285
23 34 66403
16 41 2690
39 11 77020
14 31 49471
11 34 87309
34 13 58902
15 40 98923
1 13 99933
9 33 68002
39 23 433
19 41 41194
14 13 87193
1 12 23989
24 17 15540
3 38 92468
9 40 31663
29 8 700
21 14 23706
9 39 40173
36 8 26822
8 21 75312
11 41 49492
29 22 34266
41 13 15813
26 16 49070
2 10 64788
16 15 59827
16 7 92127
7 8 67938
39 19 53186
40 29 11311
16 37 93596
1 12 56043
4 36 24090
17 10 43768
35 34 81210
12 13 89808
40 3 10
25 30 5743
29 15 88571
13 27 81005
32 2 18152
2 19 34835
16 24 93874
6 40 74179
21 9 26952
32 38 20036
40 3 4305
8 25 97956
3 32 19655
25 12 4991
39 32 52617
5 1 40722
41 25 30318
37 25 23221
28 38 87357
41 32 48981
21 32 22800
19 17 20113
4 37 91875
34 4 71415
22 36 30366
10 31 27120
12 5 92681
34 37 93249
9 3 52422
30 2 11161
20 7 15120
19 32 23969
27 40 85740
19 5 26566
16 9 13564
11 39 16798
22 34 60192
15 20 48210
38 26 44411
27 30 10516
24 3 63535
39 40 62616
2 3 63205
22 1 93313
37 34 76277
21 24 38825
4 29 12024
14 8 94300
30 37 95879
27 25 92718
38 18 20042
20 29 11159
2 5 9799
3 39 97272
38 34 68764
4 28 82097
40 41 78870
36 36 76831
11 38 73948
25 24 6876
39 24 16473
1 13 56044
34 21 8562
34 31 15108
31 30 94748
40 3 13475
31 11 35387
6 2 70397
25 34 76766
21 5 16183
32 8 33972
10 38 86048
27 27 63137
5 17 84704
37 28 94653
34 24 12203
37 13 52949
10 1 57893
5 19 12184
20 21 35180
23 10 52242
24 6 93973
13 28 43304
40 7 7656
1 27 18394
7 16 57913
25 26 96146
10 19 3012
6 6 5840
6 1 5896
9 37 94885
34 34 58755
8 34 77480
3 23 85155
3 34 10420
24 38 42405
21 21 66933
16 24 21873
37 32 67061
17 29 38524
30 5 19458
5 22 71067
28 32 26374
39 35 17819
4 39 3927
16 27 50573
2 35 12270
19 5 8298
27 30 74654
19 22 76227
26 18 76319
37 41 44435
9 16 70187
34 28 57253
6 12 9001
36 26 23118
16 41 66344
39 23 99638
36 29 81204
6 1 44879
38 22 52830
15 15 902
16 41 50804
39 25 65470
4 24 76683
38 24 2217
4 2 91473
17 26 26301
37 4 91623
8 2 93196
33 1 95152
18 35 72626
7 9 70028
40 12 40961
7 32 65701
3 36 5518
33 27 73829
37 11 38241
13 15 59248
38 27 47791
11 37 42033
9 27 35261
23 12 36610
22 10 34979
2 9 35886
33 15 37092
15 28 74904
10 11 70303
13 29 87864
6 15 11877
32 28 39081
28 39 7271
41 10 27744
3 39 66038
3 36 39590
2 34 45137
25 8 7891
18 40 26
24 38 99769
6 23 40908
4 7 20757
22 25 62630
32 40 25765
13 28 56911
7 23 94223
7 29 73091
19 21 12929
1 1 75133
20 34 64958
14 10 78433
10 33 35599
38 21 18664
28 34 66450
8 33 58426
37 19 52061
13 29 26469
3 29 26591
9 3 82505
39 3 13199
9 36 30620
21 21 49935
27 36 61738
13 9 91991
15 35 84757
34 21 61765
8 26 24560
26 11 51445
14 28 89179
13 1 15034
11 2 77540
17 9 40991
28 23 51406
13 2 7073
26 41 91823
19 4 55540
38 40 11365
24 13 20584
10 19 82152
33 33 7545
22 25 47605
16 30 93049
41 28 18551
29 24 50402
33 10 64975
8 26 30043
14 27 30732
38 35 51377
26 10 45209
17 7 11316
7 37 32204
7 5 43981
28 27 19647
11 29 93612
24 25 4837
14 8 93348
41 30 98058
34 11 91289
25 15 45252
37 36 83633
17 18 59106
23 4 14727
5 34 81972
19 2 83831
2 36 76446
33 18 67282
37 22 26602
32 14 67648
6 29 19791
36 11 44259
29 22 23643
39 27 54168
4 11 32475
40 8 41894
36 16 11632
33 16 99045
4 2 46129
4 2 70791
27 39 3365
14 39 830
1 33 49048
38 29 76523
30 28 34812
19 20 93746
10 21 77662
8 30 332
3 3 21143
28 41 76883
39 26 50203
34 1 64863
41 17 93899
26 10 80230
10 18 8288
36 7 43825
2 19 75878
21 25 90360
36 24 75553
1 23 70262
32 14 79690
17 23 52788
23 32 82827
8 11 55802
34 14 92212
39 11 34171
29 5 46545
3 35 32776
41 5 30319
4 31 65477
18 21 21159
31 35 92565
10 16 23274
40 6 97135
14 28 77289
7 2 76799
26 37 94076
16 33 78895
14 17 85172
879368198
