50 607
41 50 65163
33 35 13217
41 19 47727
25 37 21281
22 32 36817
23 13 89134
14 34 18133
1 46 44950
13 25 25244
50 31 31009
50 49 81077
43 37 70989
10 2 75493
1 14 17392
20 21 84166
26 14 75510
9 37 23186
15 27 57982
18 7 56110
12 45 87434
22 49 89337
6 21 87572
39 4 32441
31 4 12393
27 8 73050
41 42 84518
24 1 42631
32 50 95774
7 14 87624
17 4 63594
34 30 28237
30 2 6271
24 10 89253
17 44 67820
47 45 38750
37 32 81953
49 3 22955
35 42 55421
29 5 50747
2 49 88389
50 1 57773
37 32 46556
30 40 76759
38 41 92751
27 48 2485
11 12 59738
17 46 72922
33 17 59095
20 3 84195
14 7 30146
3 48 19041
9 46 18169
6 3 35182
4 45 61025
39 31 31144
4 37 60092
46 43 68197
45 11 15420
32 27 74845
3 12 40175
25 41 27203
28 1 8236
9 7 78086
27 43 76903
11 21 79098
16 12 8387
23 28 93813
15 34 56753
6 16 62509
20 42 7342
25 9 37110
28 25 43022
9 38 32066
11 41 53847
33 32 17097
5 9 15276
13 50 30824
42 13 94943
13 31 1572
27 29 42240
35 24 89608
36 23 575
28 6 91941
20 4 14160
16 20 90048
2 40 83215
11 39 47392
34 50 30630
45 43 37932
34 45 54828
27 38 80577
4 25 56803
5 37 75236
14 33 91400
34 17 52242
14 12 24680
25 17 12818
44 27 99886
45 43 19296
7 15 66778
40 20 91247
5 15 4090
40 40 39720
3 35 27051
27 23 74579
46 6 84381
39 38 8560
13 22 98276
18 13 51178
27 7 21532
3 27 91860
29 8 86444
37 49 56737
22 28 7140
11 2 40009
20 26 778
41 4 47689
48 4 92190
12 31 98348
35 7 13074
41 22 38028
48 40 51273
33 20 91219
11 2 21936
17 47 69328
5 8 42797
8 11 35793
16 37 96213
9 19 12327
21 45 45251
30 40 44078
39 32 57663
42 15 98969
23 8 46138
8 22 95421
17 28 95308
3 5 56121
16 26 53696
9 45 7636
24 4 83398
16 37 56466
2 16 91787
9 17 2545
26 18 1145
29 35 18128
7 6 25628
50 34 51288
18 9 25535
26 2 72642
7 26 50040
35 46 96174
6 43 88547
12 28 80677
2 50 52898
12 17 79146
7 34 57014
16 2 6713
34 5 44283
10 23 62118
6 49 7097
25 40 67455
15 1 16537
2 22 1472
44 37 26042
8 46 44260
7 43 72013
24 43 37955
26 45 81350
33 11 97232
10 6 23767
36 47 84008
37 30 51932
11 21 37858
22 21 39767
21 26 33205
5 13 17052
18 32 8176
44 18 63402
10 40 81093
19 37 47051
13 17 77476
48 2 2173
43 32 33084
21 50 34812
9 49 2357
23 21 32365
41 2 83397
8 17 48859
23 8 2748
33 39 20379
23 45 79199
15 7 77745
6 4 85068
47 46 11075
9 28 36156
4 44 71011
19 47 94234
5 24 80072
8 50 45527
33 42 64545
7 27 98549
47 26 90417
8 6 8740
42 31 7532
5 27 5771
36 49 34338
14 28 53050
32 2 84493
47 32 74748
35 12 78047
34 17 21448
41 30 49020
7 42 25034
30 19 61591
19 16 91410
31 26 55862
39 21 56706
6 2 36754
12 18 60359
44 47 94886
28 41 74407
43 26 53804
27 27 40928
48 36 94231
31 26 63190
5 33 32619
15 44 36109
44 20 70600
30 7 89277
6 45 75282
36 13 13357
15 10 62162
19 49 96177
9 28 95709
34 20 67462
34 20 83930
29 7 35863
30 29 57203
13 26 54731
10 17 96749
48 31 15807
36 50 21025
2 3 95522
50 10 79170
39 6 55684
13 50 18169
30 2 78654
27 32 36515
1 11 32392
18 1 62465
37 25 59450
11 28 73322
49 4 48782
33 26 25999
1 35 23413
18 31 94131
50 48 90125
23 28 97504
40 12 89545
4 24 83229
22 43 32798
20 19 40996
33 45 51245
26 24 46461
40 35 42064
34 7 65357
35 49 98553
48 32 77649
31 49 40032
28 10 5924
28 38 33144
36 45 38399
3 48 41026
10 42 6330
18 26 77057
2 27 13233
4 25 39562
24 6 72932
1 21 87552
26 19 21998
45 1 95982
33 16 55124
21 9 23803
29 37 38414
5 4 96574
35 33 82656
37 14 66294
37 19 77360
33 3 68576
23 23 65794
28 10 66843
12 22 74181
13 40 5973
33 14 35730
32 39 6126
2 45 86785
1 29 9368
27 24 71123
43 15 56323
49 20 5718
36 23 62409
5 35 21954
3 48 89245
24 20 58655
20 18 58419
1 44 4136
47 11 34803
5 4 43905
3 25 53819
37 12 97334
50 50 81127
2 11 22541
34 42 59819
17 24 34483
39 11 15952
19 7 40652
6 31 90596
37 37 24245
20 26 39042
24 33 42013
25 26 64768
21 17 97435
18 40 27485
20 4 67060
42 47 7489
19 3 14944
37 12 9628
32 34 16648
42 42 22829
26 23 18223
14 50 99197
33 20 88389
12 2 357
18 35 43663
22 19 58854
2 35 69705
23 33 85954
24 23 59450
19 2 1956
35 33 94817
7 21 84866
15 31 17532
38 40 2752
44 4 42963
23 15 74886
25 33 44319
34 13 68512
35 20 71979
48 9 89259
48 50 21542
14 43 32277
21 6 45204
14 33 82568
39 11 33410
24 33 51988
14 20 20261
1 43 18294
8 29 77812
8 20 50634
48 38 25823
19 47 14144
34 16 57726
7 20 2902
1 23 56849
50 36 50466
41 34 84363
33 19 66462
1 11 70050
47 9 88175
5 27 35767
49 43 70586
22 48 59494
20 11 55623
18 14 23664
35 6 11209
24 27 37265
2 14 48681
19 46 27345
27 32 59863
17 11 36005
26 3 45078
11 35 56154
21 2 74069
29 16 88909
14 18 62606
38 10 1889
42 10 98835
17 29 28432
42 10 91338
30 26 39006
4 27 72836
16 22 77437
31 40 2331
15 28 23958
19 49 98644
32 13 85936
3 48 79547
23 10 35339
31 10 4047
24 26 92847
8 6 37829
49 23 83720
13 27 11075
45 43 65321
18 33 77760
19 4 4129
40 32 40743
19 12 88221
49 28 88089
43 36 25103
32 39 14837
46 38 43225
6 40 38163
43 5 86049
41 27 71250
48 4 30801
8 4 6398
6 43 49381
4 12 86411
25 1 48939
37 21 66326
9 13 25472
36 42 97299
48 34 50056
50 5 99106
2 4 96906
39 20 36299
28 19 51856
49 31 20631
47 28 93874
2 49 34874
20 13 79249
22 12 2480
5 44 34734
43 5 16546
36 22 62513
41 34 28950
35 6 4863
18 39 86124
6 35 11963
41 45 67250
9 39 2872
40 26 30398
22 14 31233
15 45 34715
28 36 36082
49 10 75723
33 46 20093
7 9 25463
16 39 96889
2 39 99940
40 45 53333
11 42 9459
29 39 98205
38 15 70014
25 12 4776
19 50 39253
13 33 89617
11 23 72591
22 22 14894
50 16 93965
12 28 16277
36 49 22310
19 18 76740
47 49 56135
6 4 19676
27 1 72302
6 46 38072
6 50 55109
20 17 13615
4 10 12706
14 7 87573
41 17 20432
50 3 99568
16 1 26327
49 48 9935
36 41 70523
26 36 13522
41 5 75771
15 48 58380
15 32 15449
36 25 21059
26 4 23411
25 41 3811
25 39 78179
4 48 99026
47 50 34461
28 22 77314
15 4 35992
34 28 60602
9 27 84278
39 35 27131
37 1 53005
20 30 95909
47 6 83629
34 15 62480
32 23 15861
18 18 12511
30 5 50256
24 49 54758
21 48 97644
21 23 69227
12 34 91484
39 43 11676
33 38 59903
32 6 2648
3 27 20904
32 50 31766
22 49 59462
44 28 48582
32 34 12363
31 41 85472
15 36 55250
15 27 60336
10 43 96517
17 35 54684
32 10 10921
15 5 22365
46 22 29165
36 41 95099
19 21 61355
18 23 51238
25 11 6337
29 35 65160
3 43 55417
29 1 66214
3 37 68822
25 46 91644
27 9 3411
44 41 98949
20 11 28363
12 16 15050
23 37 45700
43 1 95906
7 11 59153
22 25 78026
26 27 18797
29 29 48011
44 43 31597
40 4 86904
16 20 26985
20 2 59941
22 11 20462
18 46 90240
9 10 31131
19 40 46110
43 49 96587
1 48 78843
40 15 41852
15 32 12032
20 20 10255
39 20 19357
47 50 51550
35 30 48172
25 2 95142
8 17 87798
4 7 59067
18 31 28743
31 33 64407
19 8 70758
15 27 31840
2 15 70104
13 29 35060
5 23 50113
23 33 13408
35 43 62509
49 14 3166
42 48 82095
21 36 18995
14 45 44902
15 32 737
25 44 23485
44 14 68623
19 23 45279
24 18 95341
17 3 46453
29 33 85844
38 6 58878
42 6 45521
3 49 19218
38 34 40625
31 11 82997
24 37 99024
4 43 12206
6 23 37342
46 12 70721
6 37 16655
15 3 18801
30 32 43024
15 25 6181
16 18 22232
3 17 56044
42 45 17130
6 29 41139
23 7 18691
20 41 33764
12 42 42125
26 36 66816
34 24 71796
14 8 50669
42 11 63984
6 25 25810
19 11 46209
15 48 92816
4 47 33480
41 49 96796
5 3 83880
912136514
