47 1380
42 1 45413
22 6 47944
21 27 27836
9 37 58925
25 23 31249
43 35 15099
31 30 66443
1 16 40753
44 38 10354
2 16 83208
40 35 88709
27 33 41014
17 41 28338
4 41 74661
20 1 71256
7 37 90612
26 23 67706
44 37 7839
25 5 75184
4 10 79935
12 34 18743
22 7 16786
7 41 84997
22 19 37504
47 28 58872
35 4 74211
46 25 85329
14 27 15990
19 20 75848
22 6 39138
44 31 45076
37 5 67337
38 18 81552
40 46 70520
47 25 38345
47 35 69639
24 13 96458
3 16 15053
8 16 63415
27 3 46280
29 17 40041
38 21 91186
2 3 24502
46 11 92543
45 29 39404
33 5 51946
8 29 16602
38 16 96475
47 5 67375
30 40 16765
37 6 1056
4 38 9256
46 24 42076
41 36 16838
28 10 78720
22 45 85649
29 12 62698
28 39 99843
11 30 58743
22 29 77315
44 8 20713
45 3 87995
17 21 83920
21 14 20860
22 13 12208
16 17 78406
46 46 8480
1 2 18446
9 42 85337
1 11 16649
34 46 30889
22 6 61605
12 14 87027
16 6 63162
19 25 62866
19 45 98637
37 26 25163
7 45 7795
19 25 66296
40 4 92530
11 3 36376
36 37 70309
43 39 12099
15 11 59798
15 27 45369
12 8 54043
39 20 9330
31 25 20981
33 1 19400
35 15 96221
15 13 18920
30 3 30748
39 21 61067
24 29 81520
14 29 4447
11 32 89615
13 43 44003
17 7 55553
17 26 82186
37 36 70272
1 22 79344
30 21 91790
12 47 14432
17 28 19323
33 20 6058
24 39 29231
27 9 43696
22 40 19961
34 17 25229
4 15 8786
4 44 90877
25 39 22684
24 34 47349
3 21 93821
5 36 37855
18 1 69597
7 22 92452
25 37 64746
4 15 84201
42 45 53204
47 2 75606
38 9 28771
23 43 8818
47 27 62787
16 13 24839
13 40 84119
35 41 80303
6 7 80543
17 28 14981
33 29 22984
3 3 44689
46 16 95615
43 7 59221
27 7 49437
12 3 75971
6 16 7003
39 18 80348
42 23 27234
34 15 3414
12 11 86009
42 20 85701
44 1 58140
33 5 30154
9 39 65482
8 39 93761
15 17 23894
10 19 29951
30 41 16588
27 30 6150
44 20 4331
2 45 53193
19 21 64133
5 14 86444
37 10 10464
2 8 89357
22 41 78709
14 3 96782
39 23 44446
3 13 21148
2 23 67984
3 33 54671
8 38 18382
47 8 65365
41 1 70447
32 5 5676
27 5 30828
14 17 27300
17 3 32717
40 46 62891
31 33 13606
23 21 99094
8 47 26252
44 20 41095
22 5 22190
31 9 7953
10 24 30879
35 13 12462
24 39 50451
16 18 67480
12 37 81006
46 11 31471
39 20 4941
43 31 4652
47 9 35725
12 32 19347
33 9 75156
43 16 26044
12 34 96221
35 32 62908
16 32 84374
38 27 49912
19 35 52956
32 6 69137
14 16 682
20 22 65612
6 32 1116
31 11 25064
44 12 29689
42 18 88565
23 21 15562
42 46 42764
29 15 99211
1 35 57582
3 12 26298
19 4 21279
26 8 81839
34 11 71864
12 22 82025
14 3 31249
16 12 83836
40 15 87364
30 25 32787
17 10 23791
41 35 58188
41 13 86405
30 11 3102
30 8 82864
15 9 75928
19 28 593
19 2 64115
7 46 79922
41 7 12958
42 44 5030
46 41 47432
21 36 51045
27 17 79661
27 37 11722
39 42 74248
27 34 74
9 25 37449
12 38 71772
37 28 1190
36 39 36438
31 7 10181
20 30 49613
21 9 9039
24 10 83403
9 2 9032
40 22 57985
34 34 82035
47 21 41421
38 37 46905
22 29 39731
6 15 43972
35 36 62032
12 29 22873
28 41 51755
14 22 32580
34 24 80469
4 39 8426
4 3 47544
38 25 5921
34 16 69657
9 17 65396
4 33 67699
1 28 83618
35 19 14718
26 30 70526
17 32 32751
35 9 31649
35 5 65410
7 2 13457
33 35 89271
39 37 2338
2 42 4090
18 3 73761
19 27 88940
10 7 40802
5 4 68839
36 36 68217
12 32 80670
28 12 65772
6 24 95338
11 1 92114
39 32 68284
36 28 26111
4 41 86850
18 6 57697
5 20 30477
41 47 24695
47 38 89366
20 47 59200
9 15 15887
24 15 88556
46 34 38503
23 9 67002
28 29 14118
29 27 48226
32 35 56193
27 9 73505
25 10 63390
38 28 70211
21 24 8477
1 19 80196
2 4 87262
11 16 64351
16 38 90906
43 8 29142
5 8 56446
16 47 62507
37 40 85107
32 36 42810
29 5 47273
11 33 36622
2 32 28980
19 12 43610
6 12 15671
26 20 92659
6 5 63820
32 14 78976
43 44 24817
30 32 42235
39 30 64302
10 34 79045
4 4 55683
47 41 15979
26 36 21846
34 33 22162
47 6 92732
15 34 41757
35 37 38283
23 41 78437
44 47 11838
42 19 66808
27 3 95061
45 18 43495
14 12 4284
23 41 55713
40 7 93395
4 21 63307
11 27 49273
1 34 45815
25 21 12815
47 10 86660
33 15 97896
37 22 88269
29 41 9506
46 31 64322
1 6 53858
37 31 46387
41 43 71612
32 15 43359
16 34 30484
30 46 63259
35 12 66372
27 14 81341
45 15 29683
47 19 47841
16 9 53499
43 8 28305
19 47 26486
45 43 62777
40 16 633
36 19 94362
6 23 52671
40 14 28203
24 35 20017
33 33 37749
35 6 54717
9 33 83570
13 12 50691
37 20 71867
24 47 54937
1 13 74282
11 29 37589
27 38 516
4 25 70135
26 39 51478
40 26 7814
14 1 48048
43 3 39498
32 35 91777
43 36 15185
18 3 55539
7 3 82650
28 46 59135
37 8 16830
39 36 65391
42 11 49950
19 8 43140
37 25 60134
36 18 14864
42 13 40063
35 39 17192
26 43 94781
35 25 4108
8 24 44713
36 23 65950
15 13 82949
31 11 96129
3 11 37273
21 27 34263
31 23 60869
28 12 44902
10 28 50453
7 33 49512
36 7 7008
14 29 33489
12 5 88824
37 29 65866
34 12 96094
8 22 36546
14 41 94304
14 31 72428
17 43 63961
39 35 970
15 38 26942
42 38 97558
9 42 75897
36 22 64762
7 43 39481
23 13 28872
22 1 80720
33 12 7244
7 16 12136
34 1 52526
26 37 44212
13 24 43886
34 47 73907
22 19 96294
4 17 88897
47 16 45801
41 8 68495
26 25 38850
43 22 22249
29 46 77802
6 27 26455
11 19 22305
7 23 12537
27 14 9518
38 14 80784
31 39 76684
16 15 70394
7 25 61624
27 42 10420
31 45 33459
34 8 15015
46 46 3583
11 33 15444
45 3 70581
17 41 46569
5 47 20625
27 1 18828
16 30 93684
46 35 10952
43 25 15785
19 13 52609
12 22 17200
20 12 29424
23 38 7876
16 3 21191
12 18 65077
30 10 74016
9 23 28139
19 13 41252
40 12 63637
10 41 99705
32 46 7104
31 22 36317
5 40 48815
3 23 96461
12 24 78835
6 8 14566
24 34 56593
11 33 98173
44 29 12232
39 28 80790
7 12 8908
14 4 81256
35 47 8497
1 23 27684
32 35 47643
47 43 3426
16 14 80095
20 31 17716
28 11 6524
46 5 72687
38 45 49727
25 25 4867
45 2 44810
29 14 97979
39 4 77817
1 13 55359
1 37 97636
18 13 56265
33 2 43936
24 29 8236
47 16 25703
43 8 15974
29 42 71336
10 40 70274
41 19 71701
22 24 83817
22 29 94429
1 1 65199
11 47 52441
4 16 90863
4 21 26548
10 25 54533
8 44 34137
32 12 4611
19 8 89736
5 25 16642
13 15 53597
25 24 46439
30 7 19570
19 35 11669
16 24 60298
24 22 8377
30 23 56175
26 35 73021
37 20 63399
32 19 99567
21 19 77600
5 9 50944
17 7 73707
21 9 11084
47 23 23628
43 6 90458
16 5 33429
23 43 67966
1 25 96853
36 47 54543
32 16 26277
30 30 39331
2 27 13513
39 32 3938
9 20 57040
22 24 1425
44 47 9071
11 20 17308
47 44 83235
20 41 94209
6 33 82947
2 34 79733
17 43 71734
42 38 79784
5 33 93074
38 16 83628
16 11 40516
30 4 505
20 43 84065
13 45 74155
20 15 29742
36 28 46060
30 30 52853
12 7 31079
12 43 27331
8 1 72086
33 38 22498
28 4 10743
26 24 52026
45 47 68071
44 8 8677
41 10 75443
16 14 71664
18 16 49348
2 8 23986
35 19 13006
47 21 5942
3 26 46909
36 25 72706
26 33 96692
42 1 31416
10 35 89564
41 31 43109
35 18 54815
9 4 71813
14 20 15642
18 22 5589
8 19 10572
26 14 18950
10 12 16012
7 27 73126
5 41 15568
39 34 88617
20 36 96576
38 12 75534
38 10 35375
33 3 71751
28 35 56733
5 46 40900
31 34 52226
28 15 94057
16 18 10467
8 3 66341
33 44 28519
25 39 46947
18 6 28768
18 18 95898
14 38 25342
43 14 99222
45 41 56014
13 42 5863
41 46 92547
29 10 42428
2 13 48757
21 9 27250
31 32 41177
12 21 63088
24 39 3016
10 20 11404
44 40 75142
32 5 72285
1 35 75740
3 25 67847
18 27 97025
5 32 57085
22 14 67534
19 9 73523
19 27 12787
37 9 49315
26 2 17023
40 43 69468
6 13 41850
44 27 34973
24 45 62432
25 11 24723
21 24 92662
2 11 52322
5 33 52979
5 5 57920
7 6 89348
13 11 48249
14 47 41643
14 10 64536
6 5 32390
44 14 80949
35 40 61625
40 1 2166
26 8 45538
2 42 72336
13 40 81534
30 20 37451
20 31 2257
14 44 25768
4 25 48856
20 36 56443
30 17 38001
33 2 33769
16 40 67711
13 8 85204
31 1 39490
44 41 6383
28 8 15174
46 28 59335
17 5 58860
40 13 53633
10 30 80647
25 24 19892
45 44 29227
22 34 55254
26 11 14789
22 2 98801
8 35 58633
6 1 47466
8 11 98464
28 30 89401
46 11 51769
27 43 49993
38 21 87938
42 11 77129
7 29 53045
3 37 46880
46 21 60260
5 39 31643
11 16 20740
42 34 21865
13 27 72293
18 36 34817
17 39 29928
31 31 33127
24 21 58306
12 2 39066
20 33 61745
21 4 93225
29 14 24307
2 19 17344
17 5 68302
8 17 97835
21 41 52510
9 38 79942
29 46 6158
42 34 21621
29 39 6363
24 46 93838
31 42 6762
20 34 71167
31 9 25470
12 22 47902
21 13 99630
15 30 53311
17 25 20587
1 8 61607
22 47 23264
10 29 82625
25 28 21502
1 20 36215
28 36 49937
23 1 13911
5 7 95180
7 17 95525
40 17 13438
12 36 44733
14 39 37994
45 29 58281
44 9 63774
13 3 88924
15 44 54127
29 36 26264
30 20 79514
11 38 74841
43 7 62443
13 26 60835
23 25 47108
4 22 71877
22 23 26152
43 2 56341
46 31 66998
1 30 95275
13 39 73533
43 21 1342
45 26 68687
23 19 82795
21 4 73766
18 35 47976
45 42 11182
12 38 77075
31 37 49621
25 25 86068
10 47 11337
7 11 84760
39 8 48276
15 36 41745
20 29 80614
41 29 17554
37 45 52986
37 25 90304
23 35 60631
44 17 51279
11 32 1612
2 44 90008
2 22 29628
45 11 66909
42 44 83198
24 26 7241
32 8 5560
35 42 62193
14 45 10831
45 27 14093
12 14 97053
15 32 44119
25 30 17966
29 18 96972
17 31 50800
22 7 30877
27 3 96154
12 44 19236
11 47 13198
33 35 7367
11 15 84839
22 21 32101
13 29 65197
5 4 90444
39 40 38403
33 39 26236
37 24 2231
6 16 69224
7 45 32088
16 22 61456
9 40 16070
43 3 91708
36 10 26692
18 14 3842
8 43 92062
18 20 71813
13 40 92168
18 3 38378
46 4 63946
6 32 90620
14 9 92231
38 41 10823
20 31 68831
47 35 62210
38 4 56084
30 47 85082
27 31 17336
31 36 27935
21 44 9104
25 23 81726
42 44 38124
33 7 33300
45 9 2048
27 6 89558
30 6 72157
40 16 28819
5 33 67884
46 32 15307
33 13 80008
9 5 20327
2 5 46759
43 31 56517
6 1 85418
5 17 75149
33 24 52935
28 22 49607
30 17 10017
9 17 68378
41 1 12696
40 41 58850
35 2 57773
40 31 28235
36 36 79270
4 24 32661
28 44 83173
40 26 11022
25 15 29756
35 46 61090
5 23 24550
30 10 4694
2 25 69819
29 44 22839
29 17 3175
24 28 25354
17 4 14618
4 44 11364
20 32 79867
31 36 33219
8 30 78969
5 20 77781
46 40 23848
17 20 53669
20 6 96170
15 28 23316
27 36 83447
26 17 44962
34 14 93228
3 9 15925
45 39 54975
37 21 7002
43 36 80382
26 1 94487
47 38 24739
1 17 75292
34 38 64891
29 33 59611
24 34 9607
10 31 90764
21 7 72969
26 14 32631
7 27 43949
22 46 79627
38 10 59543
25 39 93735
23 9 54971
45 18 17726
44 29 3207
21 46 86465
33 5 34604
12 19 91109
9 20 23274
26 14 98957
24 24 54087
3 43 98559
25 44 17263
46 43 2319
27 44 77244
26 6 72835
23 42 464
14 45 43425
23 38 10192
17 41 25184
46 17 34393
11 23 53187
43 36 78855
20 45 42380
23 43 57994
22 1 42013
16 11 51089
15 31 87162
14 8 84384
15 41 11651
30 37 17667
20 35 71357
13 10 96739
12 10 17060
29 13 15530
10 25 86353
25 39 69569
13 16 63171
28 46 17897
33 47 87740
7 17 56215
2 43 19581
36 36 28742
38 3 40083
4 11 19808
7 34 81220
42 9 4081
38 42 33681
26 3 43224
40 15 94945
27 19 79197
16 17 88055
44 16 33772
11 9 10754
15 32 9570
14 11 56573
33 23 40366
10 13 2005
37 36 33756
2 36 43234
32 14 24895
37 15 31490
38 27 38833
39 11 36066
36 8 75275
12 20 19654
1 4 53266
42 8 51938
4 3 15359
31 41 97490
18 14 8144
36 36 74795
31 7 56438
19 39 99802
23 21 95752
28 21 53384
37 38 46464
27 44 74532
41 40 14289
3 34 5544
46 17 6460
28 5 50759
7 37 19286
5 4 53902
12 38 98742
21 15 21740
29 40 5889
46 47 92579
26 18 48621
22 33 59994
14 24 21664
44 22 56067
6 22 40189
19 3 88978
39 18 56946
11 22 29885
18 5 27607
20 47 90273
31 43 78981
14 5 7984
26 39 45950
28 45 26475
7 1 67234
10 14 64047
27 7 70256
35 17 8147
22 3 70228
26 1 62941
6 33 57834
15 4 28172
45 41 39127
34 6 94501
40 25 17178
10 7 28783
15 42 19
38 43 64695
29 2 77022
23 37 55280
46 21 5492
5 36 28898
7 24 81128
34 20 86114
31 24 56541
21 29 98598
24 23 8304
36 33 11523
34 12 8244
34 5 96310
20 22 12965
6 46 62300
40 3 66866
2 28 73812
1 8 99231
38 36 66558
23 5 52171
28 42 46009
10 31 81079
42 28 35478
41 23 36701
38 41 26839
14 40 42529
32 11 49059
6 8 83652
2 16 84561
9 12 95125
38 3 29795
23 13 86715
30 36 61617
33 21 35129
45 3 55939
32 1 68860
41 21 28970
17 4 29949
13 7 76697
33 42 22529
17 32 66386
32 19 12184
13 27 49197
30 38 71072
32 6 78594
35 20 30533
23 18 21460
40 21 494
35 20 72596
12 6 99426
35 27 36892
23 37 51693
8 45 33586
33 37 3851
1 36 33959
26 37 76362
25 44 46057
21 43 52222
31 7 59697
36 5 44594
10 16 12573
8 8 28469
46 20 7647
22 21 48952
10 18 25588
11 31 74692
5 10 29544
33 25 78393
29 28 47328
31 36 37768
30 45 55732
21 22 35931
26 10 49392
12 36 37245
7 25 91833
11 16 46260
28 35 57155
29 31 57633
4 43 38536
30 20 43819
7 14 34387
11 27 35894
34 23 7692
1 42 47891
4 33 30730
21 10 4482
24 34 81023
34 18 19312
15 14 98734
12 16 61706
22 42 77766
35 12 53224
1 29 68124
20 6 74484
46 6 64482
47 8 94056
11 13 42796
10 46 73754
36 2 54031
32 10 62530
34 30 60752
19 12 79829
43 33 1336
15 16 59959
1 30 28758
38 23 93926
24 8 11109
18 14 62488
9 28 11974
35 47 12912
36 2 27083
8 41 37168
19 13 24140
10 4 66942
27 12 73573
11 34 2836
42 11 26087
3 18 44283
10 38 68335
43 17 21809
39 23 99456
24 34 53957
12 16 20714
33 25 43224
25 39 18443
36 26 85233
10 46 70945
22 9 25605
19 40 95223
29 45 53089
20 38 15280
45 4 44875
28 28 24422
11 8 70867
34 12 97213
34 47 44476
3 10 98580
8 33 65253
42 1 27641
8 38 6660
41 7 10003
24 33 44521
31 6 26145
26 21 18240
28 34 94744
37 19 48636
14 23 51890
15 43 70192
10 30 11656
23 47 49396
34 43 15757
5 8 68511
29 5 83528
12 15 30190
16 15 35347
30 18 43561
5 39 58303
3 16 58254
44 26 11404
44 10 26919
30 42 76169
4 14 67504
28 38 67956
3 23 18313
47 38 53067
42 45 97042
6 12 9123
39 25 90747
36 18 12692
7 2 79395
42 9 3069
46 35 79274
14 13 17562
25 35 43303
30 47 7964
35 7 68101
25 15 65046
19 37 88601
2 46 6080
22 32 31844
31 28 26436
8 29 5233
8 31 10311
7 19 99724
11 35 16253
46 44 44917
16 34 52415
34 14 96359
34 4 84922
16 32 12239
12 16 54160
11 3 69560
21 13 30785
1 47 22148
20 26 21352
11 44 44133
34 8 27120
1 12 72873
45 3 86345
26 7 41182
35 7 56435
13 46 7221
7 9 57153
1 36 74794
18 15 37745
17 20 80974
38 31 10703
19 10 82182
41 17 22881
47 38 24838
22 22 93999
12 16 59517
5 46 25081
39 30 75903
46 5 70150
17 3 63647
31 3 27207
3 44 66008
43 46 66207
20 33 99764
22 3 97869
12 21 87723
13 6 46662
28 4 46825
30 43 21596
42 38 13825
30 44 50224
19 7 76148
16 17 23868
25 22 23173
17 40 88142
43 42 94082
8 44 43441
45 30 84864
20 5 9857
3 35 87020
13 6 72819
30 10 73306
20 14 96153
46 4 66272
13 17 53096
45 22 29531
6 21 41262
47 44 1395
3 45 71551
6 18 48654
8 24 33514
28 37 93622
35 11 69520
27 32 59745
19 38 39137
33 41 75823
10 6 23963
32 25 72763
30 25 35725
12 42 32245
9 41 19031
36 34 97299
28 37 30632
12 23 9821
11 23 73609
47 23 89977
25 7 35226
26 34 43387
43 27 37407
44 33 61275
9 34 48443
10 21 39462
43 26 11631
12 43 68312
46 24 32455
2 34 57516
4 42 90582
12 16 37852
13 13 39588
27 12 93745
21 4 57768
44 28 3297
32 14 72702
12 27 10373
13 26 4153
12 47 886
1 4 31336
33 12 63350
36 23 67176
30 32 53624
11 47 12742
23 11 63078
21 45 16948
7 47 76603
33 32 783
30 23 56378
3 45 40798
14 40 64483
38 20 86224
25 29 43419
5 26 98875
35 29 70781
9 17 19557
14 20 40704
24 2 42004
41 46 59430
21 37 1809
41 13 70411
3 27 98298
43 6 1772
41 33 70130
22 3 97536
24 41 47260
23 6 6647
47 22 33035
35 27 49258
44 14 9172
33 2 7721
3 8 55238
24 4 35797
3 27 83537
21 22 90461
5 36 83900
41 13 48810
27 12 73165
46 13 21348
47 43 46868
9 36 41936
11 28 30205
33 41 43983
40 4 39141
14 9 98634
40 22 57006
33 2 30648
23 25 46322
9 8 64786
27 29 88146
36 5 23706
47 12 33192
17 34 67803
19 24 70300
30 21 68870
36 19 51827
45 25 60062
1 23 43824
3 34 31954
7 5 96818
10 15 12513
34 41 14027
46 17 2131
26 13 55177
10 45 44128
32 25 81031
3 22 18007
35 17 65395
30 45 4643
10 9 74981
47 43 8034
4 37 13902
12 47 31620
35 43 18062
46 18 13792
13 28 57824
6 21 78360
8 41 6359
46 25 63637
24 3 70427
27 25 56564
46 46 73049
39 7 84977
39 34 60071
5 6 56879
4 34 59766
39 40 86140
14 44 14731
31 47 1561
33 34 85171
40 19 3336
36 8 72309
17 46 46498
24 10 58832
10 15 94644
1 11 11971
14 4 84687
29 46 44505
39 38 71249
25 7 3645
25 32 10001
15 30 29710
14 30 86353
7 7 41566
44 18 78687
14 36 8223
45 16 54189
19 45 23431
21 33 56549
14 10 28670
46 26 45561
30 24 19217
38 16 62088
16 45 5889
37 8 2054
8 38 3121
33 36 10169
21 3 32027
31 47 28801
45 41 98358
16 41 26837
3 12 61579
43 32 65213
28 29 7679
29 5 43944
47 18 78637
33 24 94498
26 21 72513
4 21 92074
16 6 85568
295497719
