50 2500
34 3 68543
37 43 53031
28 10 1626
16 46 64389
44 26 56687
36 25 81035
37 7 76441
43 14 81604
50 22 24342
22 3 8917
13 31 38702
28 7 60053
41 36 18450
10 42 66463
14 40 35786
27 25 36857
41 45 68276
27 7 17140
23 39 21992
37 12 30018
12 21 96178
19 39 1284
18 42 65080
30 3 52742
33 30 1876
31 49 3049
13 19 56057
24 17 63760
18 39 89571
36 43 79088
30 1 24773
3 43 46038
23 35 22186
9 10 95655
20 39 77413
18 12 55562
44 36 53079
7 47 62563
12 25 88790
43 7 7582
30 49 93316
24 7 47597
22 14 90086
20 36 56584
35 48 74285
38 5 37718
49 13 67970
25 45 24812
16 11 63288
21 3 67039
14 8 62493
27 33 30644
42 41 12151
31 2 50084
7 37 24864
24 22 7959
13 50 1002
21 5 257
47 40 99619
32 40 19802
6 47 92515
26 40 5667
35 35 57630
28 33 83346
37 1 83652
6 23 77971
47 44 5690
30 37 78070
14 19 34527
8 20 51486
25 43 34876
46 19 10276
33 27 47706
46 8 59672
15 4 83727
18 26 70286
35 14 53347
15 16 69432
44 20 39137
1 26 48247
38 20 19515
9 28 85287
27 10 67538
29 10 59398
39 31 24215
35 46 10512
4 33 86681
2 32 11322
5 1 64026
50 23 14417
33 21 66821
11 47 56700
27 14 77009
19 7 47498
40 30 11614
13 15 55288
27 29 38316
37 25 89038
45 1 36636
40 49 56975
46 45 92024
21 45 52646
35 19 4628
29 23 45797
18 5 67667
2 23 49111
48 48 77622
3 18 71009
18 40 64647
43 20 3482
3 44 30604
7 10 40094
2 49 48401
31 5 7478
37 21 10272
42 29 78592
16 1 31941
40 6 97354
45 10 11559
20 1 37927
41 30 36070
30 32 30067
32 49 9202
18 43 1028
48 39 35935
22 28 82815
32 7 95984
26 19 68164
10 5 84746
28 9 45774
18 20 56448
7 49 97315
48 4 71957
4 38 57662
37 21 70524
16 8 79095
7 12 98980
34 20 36640
20 27 42943
25 4 98383
29 41 58531
22 22 78123
33 15 20460
30 39 15253
4 27 38282
20 37 224
21 17 1746
19 27 15824
9 42 41264
16 28 89923
41 29 85428
50 23 34736
47 10 10886
24 27 8942
19 16 25396
46 50 81764
47 5 4876
2 24 71147
22 18 38879
6 9 46894
30 33 80131
39 39 88244
15 9 77362
29 38 71932
42 27 93908
1 31 46768
44 45 47227
1 40 96449
35 2 69232
15 23 44646
25 43 61773
15 43 11260
38 45 2650
7 7 8338
44 31 1511
42 23 35043
28 44 18704
16 50 96224
10 49 60060
37 37 47397
33 29 46364
2 27 66009
38 10 75669
29 38 760
26 3 553
8 27 72234
25 39 4522
22 9 45329
9 50 98605
46 9 65054
30 19 41604
38 32 14462
36 47 72440
44 29 89079
19 21 95195
29 25 86469
44 9 30642
12 15 84207
29 15 47640
30 13 83917
27 40 63078
5 7 0
44 5 55997
14 36 91125
14 16 58573
39 35 87422
7 8 88980
41 11 76838
5 36 28923
19 8 93921
29 47 18746
39 15 14733
20 34 81925
18 6 88403
18 4 260
47 38 94112
25 34 44823
44 43 30939
21 49 9539
34 34 71774
41 1 10947
50 19 68290
23 17 93785
26 47 77699
45 50 43750
41 38 79530
6 22 1068
40 10 28236
5 4 9556
37 38 28911
20 22 21664
33 43 5858
43 44 44008
15 26 67308
48 28 91565
8 11 54364
6 13 30983
5 37 18791
49 21 487
12 48 63828
23 44 816
29 18 6734
50 12 70326
44 29 17581
47 25 84315
19 18 22402
41 17 69516
23 9 72467
12 10 97762
11 17 99776
6 44 11563
2 10 91840
12 37 93147
31 10 83667
29 8 23474
6 36 54224
21 47 23558
37 31 75230
45 46 28634
27 3 90118
23 18 55657
16 17 35280
9 47 0
17 14 71402
33 43 96580
9 25 60574
25 24 58023
38 7 83393
13 11 79397
25 45 61157
1 4 30908
37 7 76218
3 14 92692
50 18 64702
30 35 60613
1 40 50627
19 35 44
22 3 57795
24 50 26360
32 44 61127
32 19 33081
31 43 63787
34 5 6819
45 6 58627
11 5 30593
14 14 38144
50 43 67869
32 3 48671
50 45 82164
47 38 14592
10 5 84545
24 12 91751
14 7 67480
19 2 90821
41 27 11448
46 49 49484
27 28 90001
17 1 51986
35 5 76803
41 40 15741
41 47 79453
35 10 85249
27 46 84600
43 12 40588
37 27 63645
8 31 25893
46 3 36753
7 13 65483
30 33 99895
19 3 30777
38 8 24605
13 4 72225
49 47 9884
23 12 44131
10 11 67528
10 1 10436
37 28 30110
11 3 27007
43 4 62310
38 22 97827
7 41 39129
2 8 23202
14 35 74069
23 49 12819
22 11 77694
6 12 85307
20 49 56561
50 38 49611
22 14 98095
5 5 69484
40 28 86319
12 12 45308
41 14 91958
18 25 47491
6 25 56264
29 43 12927
28 5 85391
1 27 3979
35 5 41167
9 40 49776
21 29 93098
25 15 53865
23 43 8968
20 26 16104
47 28 29923
32 3 21743
31 28 81861
35 5 49023
43 5 72071
23 31 44439
23 26 58185
1 47 56432
26 41 9848
36 11 35740
23 45 9913
50 1 2580
41 24 53303
43 43 69022
49 41 76274
14 39 2039
49 47 3419
41 20 22439
25 50 23537
41 13 75451
10 44 681
32 26 40296
20 5 26312
37 49 51498
33 2 89844
6 11 19879
45 38 5458
5 33 51825
30 25 11610
20 30 37385
24 10 38678
27 3 94082
1 34 95910
6 37 60081
11 7 37040
43 38 15056
30 18 4478
35 35 29291
44 37 84786
6 10 83303
22 47 731
18 31 23444
5 10 58347
14 20 97654
12 26 12470
5 2 74193
27 8 23519
10 24 9598
45 21 17501
3 9 38877
3 36 37916
7 15 24966
35 34 41990
22 40 73185
43 15 67750
19 37 17759
29 3 92376
40 4 23726
23 19 16473
9 27 37032
9 33 89124
49 28 96444
37 31 95853
9 18 48425
4 17 8425
49 38 599
4 5 73939
34 34 88736
34 22 96174
49 43 59058
41 45 34762
5 18 65109
18 26 34373
47 6 94213
19 39 26567
30 1 12494
1 8 58823
47 48 44687
39 24 47684
48 28 734
50 8 13118
41 10 2451
4 44 59602
34 43 19339
14 1 69460
48 8 36052
4 29 87919
43 3 31361
37 11 6348
26 48 5843
3 32 73172
47 45 64959
26 27 59979
39 12 19375
8 12 35462
30 43 80124
37 49 54146
11 19 51989
15 28 6466
22 22 85876
11 11 82431
5 22 80150
29 41 55793
28 38 8995
1 30 69790
49 31 11409
7 38 65879
3 37 7662
45 30 18718
48 14 66225
50 14 79851
44 37 19112
40 25 77981
3 10 64098
29 29 91486
4 25 60374
1 17 4607
32 10 60620
48 30 1092
39 28 38894
10 9 805
2 11 46549
36 22 43023
35 35 41598
40 24 97602
43 36 32273
16 30 3228
28 25 27803
5 4 55191
30 9 65657
50 46 74581
15 16 36947
36 33 99260
30 39 72293
44 4 83534
36 12 87586
28 19 77843
1 43 83727
39 48 4700
22 1 98960
50 6 65852
40 13 12459
18 37 98971
39 32 50290
43 22 81221
46 18 33544
44 9 74682
45 39 67694
30 27 84410
41 38 90646
33 18 83880
41 35 68635
42 50 45073
20 41 98942
27 21 10391
33 23 68427
12 28 45489
43 2 45323
11 47 53853
18 33 31327
24 11 44264
12 45 23580
32 49 35362
10 43 9241
41 33 63967
26 4 4068
47 4 10825
18 3 25922
28 48 57769
35 3 22023
41 5 55472
27 6 60755
25 15 4040
8 42 78125
15 37 34396
19 39 25672
6 11 74323
9 45 97607
13 29 56880
37 39 62161
1 34 39441
47 46 85046
27 23 55284
45 35 22516
17 38 84889
3 45 97565
29 8 51341
30 16 74026
47 47 80751
41 6 45979
48 48 77956
21 7 93807
2 50 37257
31 48 94669
32 1 30968
44 34 31336
8 3 23060
28 4 37027
13 39 60054
37 1 7750
15 6 4082
6 43 1657
13 6 79988
41 22 27156
13 36 60540
30 42 92238
11 12 61140
20 46 7128
40 39 10165
25 40 25238
6 34 74981
42 24 27894
21 37 5660
34 8 9090
38 9 24464
39 27 27010
39 3 54861
17 16 321
21 42 53408
35 1 28293
7 21 16965
18 41 68796
7 9 22929
11 23 9206
50 39 10427
38 9 6931
6 8 7370
10 41 16153
18 12 16098
19 46 11449
46 41 74789
34 19 1812
24 41 99831
9 48 97203
24 42 62315
38 26 83539
40 42 62380
34 4 6442
8 24 44613
29 30 51108
8 45 50093
15 9 73152
22 3 9217
30 34 3198
1 17 30901
10 11 14934
19 10 69458
39 21 51692
26 28 51584
39 1 55233
25 23 90744
34 1 42235
8 41 91109
32 31 54786
44 25 64326
9 31 23466
21 39 12989
50 32 4586
18 22 85923
40 50 80226
20 30 38783
14 14 38867
23 20 28258
45 20 10236
24 12 55808
48 13 26445
32 47 4242
13 5 16029
33 18 17358
41 20 63777
43 34 25765
42 13 28807
8 29 213
16 38 77313
22 46 73882
8 47 35666
25 1 69051
42 5 53612
48 17 0
2 30 93504
32 7 45669
22 39 32862
38 30 88630
41 47 94319
5 19 52410
31 6 20377
49 30 78044
26 9 16929
32 38 31635
17 1 97099
17 8 68133
3 19 50887
32 16 56354
40 29 50846
47 38 1051
5 29 56813
39 41 80651
31 36 29337
19 33 54918
22 9 7975
21 6 98105
13 18 85503
13 23 10241
30 36 87112
28 8 13027
36 20 80098
37 32 49680
5 8 34697
27 24 68189
34 50 92890
8 37 46245
10 30 32313
8 40 72083
45 19 12531
50 28 1659
12 8 50682
28 24 81562
1 7 8618
37 16 71323
11 13 50032
19 9 96293
6 25 98215
14 31 77468
50 27 1064
45 5 51160
12 20 31249
6 7 76362
35 47 40655
42 6 57917
26 40 91800
6 7 6396
15 13 92045
40 9 95020
19 29 12466
44 48 29098
19 16 67046
6 48 25333
33 31 20421
23 23 30878
33 23 64810
18 30 31791
31 12 95797
44 4 92327
25 19 56600
27 32 0
44 34 26173
37 28 7234
4 7 49400
44 42 51585
25 45 84950
15 20 40718
14 3 38779
30 21 0
28 2 85205
13 29 80685
26 27 62879
39 24 78779
20 35 36982
11 23 95128
33 31 37703
45 26 74686
18 30 78912
47 45 14798
36 35 84176
38 10 90180
42 42 79771
4 50 37475
44 10 13301
24 24 77750
29 25 68277
26 32 81226
42 3 3615
11 36 89833
19 38 63816
18 23 50532
37 17 35136
14 21 98099
6 2 23492
41 25 42362
9 12 11984
31 46 9498
5 44 96144
22 16 26657
12 18 50762
34 48 24304
36 44 95546
40 44 66549
24 23 81887
5 31 39760
2 18 74048
6 5 63574
1 8 48215
19 47 55938
4 49 90922
36 42 95727
7 9 63546
46 40 11014
40 44 68551
50 18 85487
21 13 74783
18 18 71058
27 1 31673
14 17 69492
28 5 26693
47 38 75616
32 41 32248
16 23 42631
11 10 17216
37 42 68523
6 47 29573
21 24 43750
19 39 2181
12 43 85513
43 39 0
33 6 22750
47 40 13496
30 33 70254
22 1 64119
21 14 91434
35 15 81702
23 18 24259
28 18 22594
35 22 27118
41 17 98163
34 16 80653
23 16 92597
49 25 37207
31 7 95520
14 9 81862
48 42 10072
1 21 36936
31 26 31125
24 42 1442
15 39 79640
10 30 18762
23 32 76279
48 29 7997
25 2 58967
33 41 71388
36 20 63461
33 48 1218
5 14 76445
5 10 83540
44 42 77497
49 3 25329
37 17 2720
41 33 27490
29 37 85808
10 17 78146
13 46 38160
13 1 59495
34 36 72633
42 15 0
49 24 35312
24 2 5082
25 30 0
23 39 87536
23 28 61077
5 38 50561
36 47 52831
22 19 26144
8 8 54508
16 24 22101
48 13 98918
22 46 38470
27 5 29860
20 44 67870
19 26 81810
2 8 50446
4 36 47645
4 47 48599
34 6 78181
8 50 95688
10 6 39916
29 49 94185
7 4 38492
48 24 81003
21 32 6667
35 40 66021
9 40 36055
35 27 59015
49 42 2457
42 28 84761
27 42 73478
49 15 17741
16 31 23439
3 23 54568
22 6 35180
40 9 89935
10 11 12858
7 2 84195
11 27 20801
17 20 77054
25 28 84654
10 41 65757
40 16 47567
1 32 2977
29 34 84362
10 43 66995
4 40 72001
32 20 95316
15 40 83781
39 47 29765
40 21 0
27 47 94057
18 45 20172
48 24 13404
24 21 59803
38 26 1145
32 15 49887
33 12 97871
23 5 8027
32 6 80183
26 39 37643
1 46 66582
30 22 48267
41 20 21438
5 20 28134
1 27 67361
32 28 3608
14 30 6681
8 31 72374
45 6 81106
32 50 26896
32 8 9339
4 47 81858
21 17 90590
34 39 57115
33 32 98626
32 9 34303
38 30 4404
16 3 59810
47 50 30970
26 26 93397
5 25 81627
23 47 92453
43 23 37138
2 48 24745
48 17 29709
33 48 33199
35 12 61129
32 28 78963
7 2 21294
16 19 55196
8 17 47189
9 49 17833
46 41 4774
50 38 93787
13 19 14644
48 17 66780
34 17 16894
27 50 84579
5 47 40414
28 22 88628
10 49 10023
38 6 25524
33 20 69589
33 17 55576
22 47 56917
17 2 27157
14 28 32976
11 26 72052
33 6 71690
12 27 6200
36 4 69377
37 31 82606
36 23 48566
31 26 56656
41 30 25567
34 39 75456
15 23 16168
27 44 23094
17 19 21819
21 27 92994
43 12 22147
26 37 99195
29 27 0
40 2 25578
26 24 69792
41 45 72223
37 21 37463
11 40 41792
19 47 0
44 19 75010
38 13 92789
29 47 32228
33 25 67798
22 33 94715
11 14 66697
6 21 84705
39 36 40564
26 41 76672
16 48 4205
21 43 40650
38 19 83085
4 1 29518
9 23 406
23 44 6577
34 26 2463
1 5 68116
8 34 64757
48 1 20561
28 48 72020
27 2 38524
20 29 35690
22 9 43914
2 38 56187
50 5 31017
11 13 71892
29 13 50741
40 2 33596
49 33 75525
39 2 84273
11 48 21832
44 3 96394
28 17 98340
41 44 90294
27 27 10059
50 1 50531
3 9 17383
32 49 20870
38 38 78828
28 1 14587
50 49 53801
8 30 30568
17 20 41457
3 49 1153
18 5 14519
42 13 31790
36 27 88515
19 9 42652
49 48 22040
35 29 38461
46 6 11612
27 50 13388
6 9 7918
17 14 6645
29 37 44019
5 15 29296
29 28 24065
9 2 35066
44 16 24029
29 10 15209
48 5 37997
6 15 91251
23 13 7888
25 21 46072
46 11 83202
1 41 94732
26 21 6230
48 19 40163
34 42 75082
13 8 17246
28 22 745
33 40 33273
22 40 6407
44 41 6685
35 40 20910
40 44 85336
35 5 85246
22 18 18124
10 4 26843
36 2 55766
8 48 81434
5 9 21213
12 3 74971
13 6 18164
23 24 40888
42 42 85507
17 23 98305
3 2 66444
1 43 3472
13 40 51500
33 13 11376
50 47 15995
18 5 46127
5 27 22460
24 20 31020
16 17 32073
7 20 28725
2 40 32822
15 35 47366
41 11 86455
14 50 19100
42 6 62592
23 2 23447
38 41 38469
38 48 34870
10 43 84007
29 34 59509
22 4 59220
31 13 66825
38 39 27664
7 8 76259
41 12 59355
42 47 29375
21 12 25033
3 20 75867
16 22 97699
12 3 16155
20 42 28725
18 25 22033
12 47 99226
34 31 89868
2 38 19502
13 44 15939
1 37 87719
7 16 93107
39 13 13314
18 3 91472
15 35 90702
40 4 97551
33 40 30292
5 47 59928
5 5 1091
26 47 4635
30 48 32038
42 45 29715
13 47 83572
39 43 30850
20 30 1666
37 50 14500
21 7 62258
7 18 37472
45 9 93325
11 18 80947
50 16 66143
15 23 16116
16 37 84621
15 38 40778
27 25 84832
37 28 31881
34 12 88434
40 22 80838
20 9 13884
36 1 7784
3 17 91182
22 47 37639
44 17 46244
41 31 61717
40 50 20407
10 1 23598
32 36 53867
24 39 15689
15 48 64814
36 41 40553
49 35 18234
46 47 99220
28 37 83086
14 31 95027
34 41 24451
49 17 45225
50 33 41448
6 47 85426
6 36 57976
44 43 27263
19 15 38864
7 2 97638
11 15 23279
34 3 47571
24 41 69796
37 42 70444
22 31 9614
9 4 11050
28 15 66075
41 41 22376
46 5 41593
32 31 22512
12 37 66818
41 23 87086
24 13 87786
1 38 35883
1 23 97914
5 48 35733
26 26 46849
15 22 58343
43 40 20485
25 11 21027
10 21 98451
20 27 55504
40 43 87211
45 11 87758
20 43 78186
39 25 44550
2 10 34561
27 30 2503
34 20 78690
20 26 81701
34 31 71908
44 34 46854
5 28 49794
7 21 68107
32 25 33984
26 10 33083
17 25 53916
12 39 46018
18 50 99172
13 31 86284
43 21 44047
30 39 38714
3 3 78823
19 33 50011
32 26 95956
3 27 66821
25 33 98202
8 2 19326
19 49 51576
17 22 34628
34 14 9271
28 21 50700
38 48 89002
23 8 37020
24 33 46847
8 42 81884
13 35 70491
26 42 2206
34 22 94521
48 4 39531
47 17 16633
19 4 91046
42 39 52732
4 47 79183
27 27 30509
25 14 6221
31 6 97874
44 3 35672
36 4 86343
49 8 91403
6 33 95997
31 27 56788
30 46 26591
10 37 48506
49 9 43915
11 21 27941
13 13 27093
25 43 91735
20 24 78415
31 13 486
42 15 1082
3 39 81409
11 33 12684
31 14 2186
27 49 6126
34 16 64922
40 8 66877
41 33 1315
9 9 97057
24 29 30932
39 38 70562
8 28 17873
44 34 26917
32 26 10185
11 24 96879
21 10 46961
6 41 50082
41 29 13271
14 12 61804
42 47 78145
39 36 25398
21 46 86405
22 23 64778
18 33 18448
30 32 70245
22 33 19159
31 6 40959
44 47 71166
46 26 79345
50 29 73209
25 9 8374
39 40 90538
5 20 64893
37 44 37574
20 5 51970
33 18 10979
20 11 91491
11 12 2349
24 2 17808
31 21 50808
34 42 86530
14 39 61564
38 48 23352
30 26 95366
45 14 14082
50 21 95274
50 37 21450
2 7 13617
40 2 38678
15 49 0
43 3 99616
31 39 721
37 46 86813
16 25 63729
50 24 40220
16 30 25379
37 7 857
32 29 70592
12 26 36027
35 32 43259
34 9 67237
38 36 5270
23 23 73402
38 30 91384
24 31 86432
44 28 0
20 47 10206
43 41 93507
5 41 55576
45 48 34346
25 14 71774
40 33 55251
10 38 79373
14 11 0
19 8 24505
4 2 98214
13 34 44042
20 44 96782
6 8 55076
5 37 29524
34 44 58000
50 10 60260
35 27 1111
20 40 97930
16 36 27356
36 50 85188
38 19 8354
4 42 88114
20 28 15338
1 46 19480
38 24 6816
3 39 31585
38 31 53882
13 48 68303
40 18 49238
11 14 83171
6 25 95489
11 17 0
5 6 29904
12 16 85991
8 16 22004
30 19 56391
4 50 60674
17 4 50789
43 30 78516
22 7 15855
23 7 4315
6 15 52544
44 2 8513
30 16 99861
12 1 67731
29 48 81342
29 27 59168
48 27 76172
1 39 79218
46 12 46333
33 27 66047
38 9 80636
50 3 79933
2 6 2734
40 4 1695
37 28 76486
4 44 15087
27 36 0
49 26 98934
45 12 14055
37 49 96158
7 2 46238
8 28 1240
43 7 60751
18 19 17278
15 43 14385
22 25 26160
21 18 26400
31 48 26448
17 4 97247
45 24 96780
5 4 66858
24 18 51820
38 28 51819
34 19 76897
35 20 50123
18 27 77624
13 45 61087
32 47 51476
18 15 75676
10 6 28923
16 25 84784
7 23 1435
9 11 93881
20 30 89375
46 28 88731
46 38 13917
23 26 98023
22 15 52065
46 15 49195
20 37 32069
10 16 34722
2 17 12032
27 16 21263
3 22 17648
22 35 64967
41 10 3352
26 46 34358
44 3 93640
23 8 65375
42 2 35719
40 28 85522
28 11 26048
17 21 31726
29 7 82444
13 32 23427
1 41 96593
47 33 56911
25 26 70311
34 39 4838
14 47 75113
37 34 67234
50 13 68612
21 21 32310
45 44 46184
19 42 77971
16 50 68144
42 33 47893
43 17 79743
40 17 5009
38 48 93245
14 5 93053
49 32 19290
41 14 14816
40 22 44491
3 5 10265
14 50 0
32 32 30774
29 2 95445
8 2 69380
5 41 77122
22 3 39885
47 32 27197
34 3 72162
39 26 16454
26 38 1832
46 34 38311
41 16 99538
22 21 77554
23 12 79908
27 6 66712
35 19 58001
9 47 84025
26 18 96002
7 42 84564
3 40 21100
46 11 29086
23 43 23304
47 24 81468
40 30 12280
12 9 88989
34 21 23973
4 34 58054
12 42 1255
26 36 70569
43 8 74005
17 48 87688
40 38 42508
25 41 69839
45 50 51184
47 39 20245
31 31 16090
18 4 65974
45 22 54671
14 35 51213
8 29 78068
20 10 13768
11 21 83855
1 46 58257
43 32 23783
33 34 98977
27 1 98812
30 2 62500
41 30 58380
4 20 96183
36 43 3094
46 21 30905
49 31 14816
8 38 74931
42 44 77025
38 10 52791
21 48 99050
27 17 89838
41 45 38382
35 40 17072
2 4 93274
34 4 76307
1 39 19068
43 41 0
10 44 3850
47 38 19716
41 32 11427
40 26 42481
14 42 63852
36 3 95731
5 13 92612
24 22 28674
7 14 15081
15 33 7272
24 18 66608
2 45 48334
50 16 56747
2 20 84672
31 47 96152
40 45 69615
5 40 13077
16 41 23298
37 15 72657
3 22 50747
26 28 15895
30 10 10091
42 31 27704
48 26 16522
8 26 73630
35 27 28954
32 17 80843
12 32 49177
20 31 34633
32 5 13405
4 22 84633
29 26 63491
28 43 21408
45 5 38566
20 4 1625
44 36 79630
32 8 68496
24 16 0
19 7 61191
38 23 71690
40 48 31752
44 26 7764
39 18 10636
39 15 50186
45 46 7144
21 14 92406
31 9 95668
49 37 5839
37 4 91743
19 25 43845
3 8 50070
14 32 43592
49 34 45901
46 40 47471
11 9 93930
6 12 74618
30 18 36158
43 25 54631
17 43 72028
49 50 8416
26 29 1113
23 16 3653
29 26 5776
4 23 46562
17 23 70249
48 31 23591
49 8 46588
48 32 87942
23 46 69508
17 17 15934
37 4 70927
13 43 5473
10 42 5638
28 21 86583
1 9 81274
4 39 73191
48 36 28526
33 17 11873
4 25 2689
36 40 64525
2 43 65196
8 34 25963
49 23 55299
50 28 36977
5 23 82023
12 33 4598
7 39 59815
35 43 92739
4 7 86528
26 33 59473
35 42 7026
29 37 82893
48 1 25861
14 19 86206
34 10 53203
16 23 34194
11 49 38847
32 19 79239
15 6 6766
36 46 35306
48 35 85480
1 9 58091
48 40 82679
9 29 43453
30 30 62857
50 48 53361
14 17 68295
30 15 21787
35 16 47374
17 44 55411
15 6 75076
36 8 51680
26 27 82466
16 30 40773
37 36 63487
31 2 94374
27 12 48687
43 26 26967
17 46 52352
30 20 574
20 11 6051
3 37 85092
10 7 22895
17 13 1206
16 8 31224
46 18 87198
34 37 62575
29 8 52927
27 36 2501
48 42 50627
14 4 2484
27 23 47660
1 50 46523
13 43 82539
37 1 77751
30 31 14085
14 41 86105
1 19 0
9 48 38761
48 6 79269
17 12 65029
26 5 8990
33 16 38049
45 41 5350
41 35 71971
21 1 22891
27 44 33683
19 48 41979
16 28 77882
45 39 79082
50 18 56688
35 38 55788
47 25 41402
9 24 68146
4 2 55051
13 34 66501
4 41 30235
37 38 80389
43 42 53762
33 28 25187
35 29 58069
8 47 32892
11 2 51333
35 31 88310
20 39 32094
47 4 1200
16 11 9617
35 31 47928
47 23 36333
25 10 47534
33 37 79841
16 36 44169
2 15 22232
17 4 11065
12 28 43001
44 1 34431
38 6 17034
38 21 9174
12 48 58547
3 33 13934
32 9 97582
11 15 95776
39 23 4827
30 36 58218
21 38 76130
42 24 81600
44 19 52492
25 30 98752
29 12 83031
36 12 83422
9 10 62421
13 40 43455
43 8 17881
21 11 80526
47 20 66467
14 47 99774
17 17 42299
12 33 87600
1 29 55607
16 39 37342
38 42 84274
35 17 4062
33 26 61064
41 8 27843
1 20 28984
44 4 86480
34 8 61823
40 25 3565
31 26 98918
45 6 72485
44 8 11256
14 35 45786
5 20 514
33 32 49737
45 20 95556
26 10 4212
24 5 6021
39 40 32949
2 41 27440
2 16 43885
24 2 88411
12 2 64182
16 8 76653
19 9 46291
32 13 84542
14 29 57308
34 7 23739
50 29 82057
28 11 69184
36 36 96728
15 19 18873
15 5 60923
20 2 25566
47 46 41036
8 12 71017
23 22 9431
42 1 31639
41 20 42367
12 46 74064
24 27 216
38 27 56490
8 5 70757
37 13 9675
44 46 20835
40 36 961
32 32 59952
21 7 34855
15 41 93785
22 21 47451
22 50 29780
19 8 19743
47 24 26953
35 1 45528
34 17 92379
15 33 7034
18 15 94550
48 46 82823
1 41 60106
18 43 50826
25 8 87710
36 26 14857
34 13 4325
41 14 1241
8 30 42838
33 11 32933
50 28 99865
30 1 44533
24 11 36763
41 47 28843
43 48 26005
48 39 38089
30 25 99402
50 5 18567
36 1 46115
23 22 56802
41 40 53884
19 32 14191
44 29 54075
6 32 72672
40 5 96828
17 30 2235
26 42 90986
37 28 56217
4 30 36829
11 8 89595
3 12 53642
21 45 16094
8 5 97652
5 3 45257
38 39 36758
34 15 93944
41 30 6422
22 4 65203
27 30 56271
48 9 0
6 14 59833
28 7 66146
29 11 39119
29 26 11272
20 5 56479
21 11 71487
28 15 61255
49 29 79519
21 15 54946
14 15 2675
22 1 43188
11 4 98698
34 49 37459
17 31 26460
18 38 18130
24 5 46831
33 10 8927
43 29 45135
12 34 84396
36 39 56699
4 38 73627
14 46 50997
9 35 32120
13 45 93790
19 50 87997
46 24 95123
49 9 25790
11 29 97147
19 29 90428
27 38 73332
10 40 72888
24 42 19225
4 47 82196
38 50 62565
5 19 37120
24 1 23820
8 10 47452
32 33 61981
24 30 38038
30 24 99343
47 50 84942
45 30 57220
43 30 20993
31 48 6685
13 10 10679
10 17 52683
6 4 16533
48 21 81734
5 47 0
17 37 65322
35 9 63565
10 34 16840
32 34 96664
43 46 23293
24 28 67297
2 33 60737
39 21 49808
22 38 95675
14 14 21380
9 49 14926
50 28 82379
23 3 31979
35 42 55869
6 24 13994
12 4 74366
41 10 14583
31 26 1163
22 14 81652
24 43 42949
4 5 48881
1 39 60286
21 44 95190
1 36 60279
43 20 97247
3 43 9578
13 47 13720
5 38 79782
8 46 7222
10 17 75765
9 34 60494
26 32 33237
45 28 20766
18 20 39205
9 16 64932
37 23 40068
41 49 25105
11 50 39784
27 43 26801
15 39 0
24 13 81724
38 41 52574
16 16 45400
49 15 73847
22 32 712
21 41 6543
10 21 32448
14 43 85341
1 16 23237
33 34 88337
37 37 39405
5 23 1984
34 24 61464
9 30 1157
7 8 58184
28 46 45017
11 22 82112
19 5 68056
32 33 62652
20 19 96487
29 23 24221
42 19 73627
47 3 75515
25 50 42588
9 40 16219
6 20 86922
11 22 92035
2 40 36486
16 19 47027
40 16 58116
18 28 82664
41 34 61472
27 6 33429
33 45 92290
39 50 4136
50 39 8502
6 35 8160
1 20 17731
13 34 73802
8 3 82427
33 5 23949
49 20 61997
12 25 90960
18 29 85836
8 50 36126
20 34 59551
48 24 79791
20 23 99919
39 40 83255
29 8 42006
40 44 97339
19 13 32101
21 26 48989
36 46 89174
43 14 42856
31 17 29164
43 15 73655
5 38 99142
34 7 89644
8 35 18955
44 3 61636
1 34 77265
1 18 32233
22 11 70999
36 31 85746
39 18 2881
21 1 79865
41 17 88584
41 37 1167
35 34 67998
48 19 98415
26 42 27180
34 4 4676
12 45 53039
45 22 44006
43 5 52795
31 29 66853
42 47 63421
14 29 39949
21 18 30927
21 6 80130
5 22 8780
39 30 85143
43 34 21554
43 19 24178
31 44 46685
23 50 19420
35 35 11016
36 33 32892
9 6 51121
45 20 68754
31 35 98892
9 42 66681
45 39 51045
3 45 29438
46 22 32325
35 8 15781
23 48 18619
38 40 71173
26 45 19938
8 31 62431
36 9 50649
3 38 56841
43 36 38651
49 5 58425
47 11 66632
37 40 10042
31 33 79138
41 9 60542
50 21 99706
2 1 28508
13 14 48604
7 42 5841
40 32 77918
5 47 23749
49 13 5070
23 27 64480
29 47 735
33 47 50088
8 9 27407
39 4 29160
27 18 52044
38 46 92267
48 45 32277
21 7 77718
40 42 91845
45 18 80367
6 14 83220
15 39 24025
33 10 79574
33 10 58996
24 20 66659
20 20 73067
37 49 93854
16 7 6781
18 24 48021
35 9 48004
4 49 7847
50 7 63952
25 17 25785
5 19 4812
1 9 80601
37 33 74432
11 12 87739
43 42 24960
43 29 62583
9 24 84662
15 19 56489
24 27 96637
42 21 80886
22 29 87956
12 31 72064
20 38 61677
11 24 8935
11 27 36388
41 46 4
3 16 85055
6 47 42732
48 10 44427
17 4 57944
40 6 30490
32 21 86048
40 25 82474
9 25 72882
18 20 25584
7 34 15233
26 48 15380
2 28 65852
12 32 83561
25 6 35391
29 47 42212
16 50 77502
28 14 16001
17 29 86754
27 11 83411
20 8 62520
12 9 14281
35 37 29053
34 26 23809
37 36 92218
28 9 4760
7 4 79285
50 16 94749
48 48 46254
17 30 52628
11 42 14612
40 44 17041
21 45 22107
18 38 45053
37 5 26175
37 50 2615
9 45 42365
18 25 86319
28 27 13652
17 19 22411
37 46 75873
36 10 13323
44 19 80016
38 26 32999
47 43 19087
20 24 7915
18 22 96820
13 42 58517
47 40 7056
35 2 76845
41 4 48387
18 47 54631
46 10 96358
25 42 94876
1 24 67431
32 45 32233
3 50 60810
9 29 47519
31 12 86333
2 48 83448
26 10 98850
43 4 71823
41 41 49025
48 4 63655
12 43 0
27 47 5664
35 6 36313
20 40 38460
46 23 33950
14 34 75386
36 8 66975
32 19 77389
2 45 69528
31 28 84964
21 44 38131
48 37 93985
1 4 92480
39 17 49004
12 30 45204
47 43 13938
25 18 69512
2 33 59527
15 41 12602
20 29 71201
29 25 31323
17 16 64285
3 24 54206
33 26 42435
26 46 99287
33 35 12299
34 23 28516
3 6 90752
28 40 4796
24 15 78854
50 11 85120
41 35 78173
2 11 0
36 16 93161
11 24 52039
47 36 20606
50 1 10949
48 33 98012
30 4 75623
3 45 21594
29 11 84199
50 47 45033
50 33 56530
29 14 50063
40 13 91893
14 12 44032
27 8 54414
14 32 47997
17 45 92609
41 50 73567
35 10 21873
45 21 28010
10 17 11770
37 35 30683
27 46 82821
35 12 95007
22 22 18875
10 21 12439
39 17 92177
1 13 69437
35 37 24124
40 28 77436
41 47 68378
36 50 94404
26 45 99297
1 22 5635
32 35 78497
27 46 86697
1 7 92371
13 38 10364
29 42 2362
29 17 91269
15 36 61764
30 25 12995
9 32 98915
4 50 54365
45 38 28605
35 41 34282
20 31 73587
12 32 57970
28 42 96658
6 42 26759
8 4 29954
37 8 81775
43 27 79893
35 2 30222
23 19 30215
16 48 36196
46 24 41551
11 38 62274
16 12 64328
33 10 96211
50 15 64792
8 11 89917
18 9 75532
27 11 43968
9 32 44197
2 45 63697
3 8 536
11 38 45533
14 34 53964
33 50 79036
39 6 13598
28 19 92511
15 26 80776
47 39 44673
34 18 87776
9 13 54391
31 29 4081
5 50 23653
20 47 8548
8 20 68155
10 42 38349
28 2 59602
46 29 10029
2 20 52018
14 5 97243
18 48 64525
19 19 78990
11 28 15047
30 35 44526
36 30 21224
43 40 16956
32 1 33927
44 40 36275
13 50 33355
8 11 25202
4 24 13922
14 45 49716
13 19 35140
14 13 95011
29 28 40091
47 20 50916
2 21 35800
7 47 10708
11 47 6025
50 9 26920
42 16 36593
20 11 19216
32 40 13970
46 18 28101
41 7 16668
40 11 65189
5 9 33206
20 11 53170
37 40 7354
9 30 88208
33 15 73140
5 39 84765
27 48 69030
46 43 76139
34 25 83412
15 29 18657
38 32 95992
15 25 6878
8 19 26070
2 31 73640
25 37 4634
11 44 6032
15 27 70086
39 7 22538
24 6 23735
44 5 41238
35 28 66222
27 28 22167
2 3 54182
46 26 26660
26 37 34070
45 20 73952
17 37 15896
7 28 72729
40 37 32161
7 45 1056
48 38 85199
46 45 90987
27 5 98994
35 27 49078
4 24 56975
11 20 35957
41 17 49025
33 23 74801
6 14 72783
24 41 73505
49 2 63132
46 47 85972
41 17 60991
6 22 37346
47 29 5071
17 6 29947
18 15 78194
14 6 78259
5 12 50811
41 22 16269
9 12 50359
41 42 47335
19 50 26703
12 14 18943
36 17 39951
44 38 39044
6 33 56258
2 5 14815
2 15 83718
45 22 26754
11 50 6915
2 2 11763
42 16 93988
39 6 78649
36 31 33713
48 42 85290
49 27 63497
26 47 0
32 16 71114
7 40 6038
1 38 27551
30 17 46852
2 38 86452
43 4 17411
35 40 30180
50 17 91664
11 9 33570
2 6 54908
15 24 9802
15 23 5062
44 28 61180
23 37 43939
6 16 72033
12 29 0
34 2 78850
43 34 86917
7 16 98702
41 34 22915
47 39 28141
10 30 71677
37 7 17195
9 40 28121
11 33 83120
29 23 94676
47 45 65643
48 13 52790
26 16 39146
45 22 67852
25 10 73181
7 33 70680
1 13 52701
26 47 91138
36 2 24071
4 1 52910
20 2 70732
22 41 26887
6 19 87928
31 13 38693
25 47 70742
20 44 80323
47 37 65812
18 26 79561
45 30 62548
4 4 16139
31 4 62847
30 31 4113
47 37 77120
37 19 83304
21 16 25657
45 27 53405
46 50 60801
9 23 668
3 16 51652
9 32 52481
37 47 5436
49 11 0
6 45 82271
14 14 92559
45 32 18460
31 6 80548
22 46 28221
48 44 13208
8 4 12617
9 47 22886
1 46 49078
29 5 51015
30 40 72935
8 14 91312
9 19 23750
4 36 96038
30 9 76599
8 7 33138
23 11 58570
26 38 20041
11 10 83452
3 16 91042
5 18 34307
9 47 49720
41 34 17115
27 34 85199
3 23 48897
37 35 92425
36 8 20603
7 39 95475
47 16 27532
24 4 6243
5 1 79037
2 10 95705
38 17 14135
2 34 30990
34 15 65391
11 12 25614
49 29 42635
43 20 46624
20 11 64292
1 25 42297
22 25 742
1 50 67725
9 40 0
32 45 98402
7 35 54714
38 49 99179
39 2 76731
29 47 87711
13 36 43334
2 11 88454
34 12 73438
19 6 24777
10 9 22106
24 47 8528
46 41 35928
15 32 32291
12 31 18252
33 48 90720
23 22 79569
8 48 31761
8 1 10120
30 24 17091
12 10 42177
45 19 77718
31 7 56208
45 26 26941
8 32 29297
29 35 78424
38 46 39471
27 42 0
29 11 54130
11 20 28423
29 41 35518
37 1 41798
42 16 40970
35 27 98426
26 1 20852
33 17 54294
16 25 36673
40 36 81244
34 28 30889
49 38 55232
9 43 76256
45 38 44293
24 34 53312
6 33 7480
11 19 50301
36 16 96176
40 30 87750
34 42 33610
45 14 27886
47 32 96164
13 15 47554
6 23 28119
44 50 15175
43 21 26165
1 50 50254
1 32 38954
21 8 47757
40 45 58590
29 23 30751
1 18 24864
50 16 18325
7 16 83223
38 18 91719
43 32 67501
42 44 65221
15 18 84696
25 48 46827
9 19 29707
5 6 54884
10 27 40770
9 6 53621
15 48 48000
5 15 12028
32 42 18800
20 33 89013
17 35 40183
19 7 97408
11 12 46119
50 29 72943
14 22 25086
7 46 9989
14 43 67292
19 46 0
50 45 35171
6 16 69224
21 46 48028
2 28 4722
28 23 40576
12 40 18972
30 3 75881
29 40 35744
13 6 48028
37 18 72174
18 10 22281
6 37 40471
30 11 83281
34 29 73501
30 36 7277
40 31 0
38 36 71694
40 15 67445
48 37 88700
4 36 15752
46 31 5269
31 28 21357
25 18 75413
12 15 13566
50 36 90255
35 31 50293
12 43 47209
15 10 92607
44 26 57577
27 38 97417
35 5 27616
43 23 40006
33 3 10845
8 2 19034
47 50 12323
12 27 61527
19 42 18566
26 2 31447
42 18 56338
32 49 50125
14 21 63458
11 27 91833
37 37 23888
45 34 41159
45 8 83253
18 22 62672
36 14 16271
34 43 26532
9 38 42834
33 2 59366
38 30 29408
4 18 89103
16 31 20130
14 47 58306
18 33 81916
15 17 39414
49 28 41554
31 27 56043
31 28 48392
42 5 63260
7 14 68482
15 32 75218
36 27 44962
39 18 44573
24 36 80021
32 29 59307
1000000000
