50 2500
11 7 17120
1 24 7185
5 17 67289
3 18 6291
3 8 46055
3 25 94038
25 19 75517
6 13 25586
6 22 99753
25 22 46017
13 16 56295
15 21 30170
24 17 28547
14 20 11667
13 7 64008
20 17 52325
6 7 84301
13 2 78202
22 7 44881
10 18 86377
21 9 51828
11 19 17870
15 10 35961
6 20 18502
12 8 69340
17 1 28426
22 17 83692
13 25 71057
4 14 84944
21 19 57497
13 4 22308
14 6 98743
10 19 56800
17 9 76119
5 13 23822
1 2 72805
13 12 12116
5 8 14097
23 9 99864
17 20 10330
16 5 34526
1 20 89058
21 8 948
12 7 48314
22 24 50668
18 23 52202
14 18 20940
19 18 26778
22 17 34944
2 1 36731
9 12 73610
23 2 31600
8 7 46425
23 14 29800
19 25 64086
12 24 56045
6 13 53813
18 3 95579
15 7 30854
11 25 70159
14 7 93071
13 13 55621
3 8 83694
22 19 39224
9 15 38056
1 7 83225
24 5 9468
24 6 6417
19 14 46941
15 20 90838
20 19 61187
14 14 50595
17 20 76644
12 10 83795
23 23 86067
19 18 47838
19 8 33749
21 22 19786
5 22 85542
19 17 4879
25 1 53526
8 2 51446
11 20 34234
16 8 94043
22 9 68713
24 12 39324
10 17 15873
25 4 2556
24 11 46579
19 13 4208
13 7 61976
24 14 14299
23 14 36582
12 6 41433
14 17 3806
12 7 69120
9 18 81579
6 14 45243
1 4 69710
4 19 93742
3 25 3040
10 1 88673
16 4 78392
25 1 69110
1 8 75160
6 3 73647
9 1 94025
19 15 91692
4 9 53969
20 11 7095
15 16 21277
7 16 796
2 8 25753
23 24 71884
16 19 27455
11 16 80415
5 19 84061
8 9 46231
7 2 84880
6 8 2362
23 8 36496
13 1 81979
7 13 29485
9 8 57700
3 13 81265
14 8 80764
15 7 31293
25 10 25458
5 17 79079
25 23 7563
13 6 69040
14 25 51598
16 13 78542
9 11 53483
13 25 94662
23 20 56974
8 9 32539
18 11 3898
9 22 63682
7 14 60698
21 10 69429
17 9 84144
4 25 94763
19 11 94902
23 16 55959
1 16 42973
19 21 5750
25 18 98283
22 25 8877
23 18 93836
4 18 54511
4 23 9133
5 11 79071
23 17 65793
18 15 90680
21 11 33738
13 18 45868
2 10 19469
17 22 99153
25 10 43060
18 20 19752
25 24 58964
18 17 87741
19 19 49565
13 5 59280
15 11 17984
19 2 39852
4 8 36845
9 19 62383
24 25 17691
2 17 18412
11 14 57363
13 14 93489
4 23 84909
17 1 69421
16 16 78202
18 7 56065
2 18 82280
7 24 32650
15 1 41127
2 21 15193
2 21 36849
12 22 22925
19 9 11560
11 1 16674
20 19 60283
19 9 98267
3 9 21249
2 11 37948
2 15 32549
1 10 80898
18 22 61474
20 12 41741
12 22 71365
18 24 43661
16 8 57541
12 20 85885
14 6 32101
7 3 17896
17 10 51121
23 10 72137
3 21 77024
5 15 19131
18 23 34679
10 13 93110
9 3 18947
8 3 24135
7 6 21767
13 15 59553
23 23 82260
16 23 67015
25 10 98403
16 25 60260
3 2 34252
11 15 52931
3 21 84044
7 21 23756
22 12 21313
12 1 15879
5 14 35838
13 15 14705
16 25 98273
23 3 71695
14 24 56906
5 2 8604
21 24 64568
15 24 38990
18 15 18300
10 10 45872
6 19 18336
4 9 19207
3 6 75124
6 5 70808
22 1 8749
18 18 42322
16 1 49942
6 10 12192
23 18 8019
8 13 96899
10 24 71173
17 7 60424
9 3 37500
22 12 72312
19 22 90597
12 16 41133
7 10 67161
8 24 46895
10 2 62374
10 8 77060
2 10 64469
18 5 58607
12 18 46190
5 18 68824
10 18 97298
5 10 94527
2 12 99157
1 17 10778
24 22 96004
10 19 32041
4 13 45056
6 7 90734
13 16 52142
16 9 58079
16 7 55285
16 9 1680
9 9 75563
22 12 83068
6 2 43551
17 24 19915
4 21 47710
13 25 53471
13 15 65929
3 4 77166
20 8 96963
8 8 50892
16 21 29287
1 13 74263
16 1 81708
21 16 46641
11 20 44418
23 3 50839
20 16 98561
17 12 58529
22 7 15374
21 4 39314
17 20 36792
10 9 31341
10 13 33552
5 8 92042
4 14 75481
21 4 34024
22 23 44017
10 20 78029
25 20 67294
4 10 35091
20 23 72325
5 20 27
8 14 72008
18 4 83071
3 25 42825
15 20 84078
13 16 94048
10 20 81025
2 23 83913
5 15 41718
1 2 41239
2 16 3268
13 5 2199
3 25 87
12 19 56904
1 19 58354
3 5 15798
13 15 37067
23 19 84113
17 1 55234
16 19 67156
18 19 47350
10 16 99551
9 6 79200
11 8 87881
2 11 985
25 5 4931
20 18 30823
22 7 61942
23 23 38470
21 1 86257
23 15 24510
23 16 29441
2 25 75830
10 13 45468
9 18 83688
13 21 90803
23 10 69440
13 4 75129
5 22 6802
5 1 10804
3 1 13433
13 7 84786
22 12 12392
5 4 83269
1 22 12618
23 22 97511
8 20 2482
15 10 580
13 17 90659
13 16 16863
15 17 11349
24 25 77306
24 13 57109
14 15 18124
23 9 31439
15 7 4324
19 13 67470
24 10 43152
17 2 29778
21 2 58706
10 19 68016
1 24 75560
7 21 86688
15 11 65489
16 22 21490
18 19 42161
22 22 3951
21 3 62
18 13 61058
15 18 27735
13 11 41767
5 9 34520
20 20 18048
18 18 3179
6 24 52933
19 21 67698
20 12 14033
15 25 51917
15 23 88636
5 22 36955
16 25 99682
7 14 36260
3 20 53070
3 1 89906
8 15 61614
21 20 73934
12 5 83813
25 3 96389
3 3 4095
13 21 95558
4 12 31456
2 5 4853
17 9 44961
18 25 26168
20 15 5473
13 10 93166
4 5 44544
21 12 78136
12 9 43601
8 19 31518
8 20 12629
10 7 58959
19 15 49255
4 5 64645
15 1 11643
23 12 85356
18 2 25552
25 12 32013
18 8 94265
23 16 55006
22 14 15496
21 7 77924
4 7 80571
19 19 58956
12 5 35688
19 16 58659
21 16 93572
14 6 21394
12 20 65651
11 15 30848
14 22 32664
8 20 28922
5 11 26433
16 16 4157
6 21 72025
1 1 58848
11 24 50604
10 11 62195
19 19 25379
17 11 35274
17 16 11109
22 1 98237
21 21 19829
9 6 32819
13 11 38627
17 5 76868
13 10 69609
22 4 10865
16 10 16183
5 19 19124
8 18 35593
6 9 96024
1 7 95712
21 3 16978
15 23 98344
12 3 37305
6 8 34114
10 22 13197
4 8 61211
17 4 37037
24 6 96011
23 8 34665
13 3 35648
22 10 11124
3 21 17068
12 9 41178
15 18 43442
1 24 54547
19 7 65116
6 15 47510
5 13 99947
1 8 82277
19 14 76709
9 19 94244
24 2 18653
10 7 81887
3 2 83924
4 13 82413
14 24 613
6 14 52105
23 9 80307
3 10 48385
5 19 42229
13 1 11458
21 14 5807
15 14 38788
8 23 11817
10 24 42859
18 20 58407
8 1 50391
19 2 9126
7 14 93629
14 16 64828
9 13 26933
19 8 32649
8 15 75899
11 1 64285
10 17 53827
23 10 37051
18 13 9756
18 17 77743
25 9 62436
16 6 67481
4 6 20670
19 13 50420
25 25 48334
23 10 8752
23 19 43906
22 8 67515
20 20 22475
14 17 85561
21 16 1579
3 13 52231
4 21 50647
14 12 94911
1 9 2900
2 8 61075
25 5 94882
11 23 43817
16 11 74864
5 23 94306
13 18 50659
18 3 4114
4 4 59292
3 2 39068
15 19 75808
14 9 81868
7 24 12578
4 15 59344
17 14 30915
24 5 31385
18 12 16888
11 24 40320
5 2 96876
19 2 23208
12 16 55794
11 20 85077
24 14 2876
21 17 1778
1 24 23410
1 6 48753
14 18 87654
20 24 41564
7 9 24136
22 7 79368
1 13 28325
15 10 30492
15 15 79923
9 10 15491
14 13 4331
4 15 76401
15 21 93754
18 18 68750
5 8 19275
12 19 46014
18 8 21630
16 5 93883
13 2 80440
4 8 6570
11 4 80838
4 22 20625
7 11 34721
8 7 47764
20 3 69644
14 22 90183
1 3 80493
2 16 16066
20 7 92800
13 25 4358
12 6 17623
25 18 94721
5 25 78348
9 7 57623
19 12 62385
11 9 10903
3 11 34217
12 17 81506
6 1 40451
11 4 46527
18 17 27950
14 7 86606
4 4 79436
4 6 71066
21 6 79649
20 5 40411
2 15 52675
24 20 3551
2 16 36843
8 13 68758
17 3 77910
17 5 46543
21 4 50447
3 2 15400
3 1 48545
21 24 17379
23 21 93386
7 12 37576
16 18 70893
18 5 31417
19 18 57652
7 3 55811
19 1 98523
21 11 68247
22 18 31705
19 10 13401
4 2 94376
20 18 74995
16 16 98103
18 19 35095
9 22 12731
1 13 30869
7 11 1124
1 4 5455
2 21 76406
8 20 13967
2 16 15853
23 17 15220
8 15 29769
1 13 75170
13 6 3852
21 13 48669
18 23 75159
25 12 34570
20 10 66010
4 13 6614
21 17 49267
9 14 73388
8 2 508
10 18 78049
15 12 66810
19 6 98762
4 13 43117
10 7 88880
18 14 51526
19 3 10042
12 22 8119
6 13 68300
11 1 89039
1 9 93355
16 22 61161
24 11 82518
1 1 72610
18 15 16252
9 5 40184
21 8 91455
22 6 71045
18 18 86130
7 23 97345
18 15 86891
16 20 28248
2 14 74881
25 23 63422
23 15 70232
17 10 5928
6 1 97891
22 6 36716
15 4 24658
14 19 4908
12 20 68000
3 11 70807
22 12 29863
18 24 46290
2 3 24456
1 12 79761
23 9 57933
11 23 61391
15 6 63149
20 17 95508
7 10 76126
17 5 28922
23 19 67561
21 5 86
16 21 66373
17 10 9324
13 6 59885
5 11 15329
5 12 52310
2 6 59434
22 12 58669
8 9 64280
18 9 2453
12 9 65893
21 3 43096
5 23 22277
5 13 52854
23 18 12684
1 11 84667
6 20 51083
20 7 64153
2 6 97186
22 8 14572
21 2 56855
4 16 96390
25 14 29871
23 3 49425
18 10 31952
13 10 50292
3 17 95496
22 7 99309
10 11 31686
25 10 85928
5 2 18149
7 9 30223
23 5 155
18 12 88745
24 17 58963
5 20 48041
16 24 94093
8 21 8913
16 11 83618
3 7 13000
14 9 60483
6 13 52776
17 25 66883
15 16 82469
11 16 2228
8 22 54890
18 7 53561
14 5 15444
3 20 16702
14 14 5720
2 23 69076
21 18 54691
12 10 14368
11 14 53519
2 11 68772
5 17 31878
4 13 18845
6 9 39255
10 2 32650
16 20 17300
8 15 15988
1 23 60653
17 4 51844
2 12 58942
17 19 57464
15 1 95487
2 9 14529
2 3 25646
15 25 34218
10 22 45246
20 20 82284
10 17 86053
22 9 16945
14 9 88096
5 19 53105
14 15 18736
9 21 14287
5 3 54792
25 15 34288
11 14 59622
17 3 24990
12 10 62764
24 9 97371
17 8 50269
17 1 57578
13 19 62053
12 5 58071
16 23 55022
11 25 60389
1 11 62129
15 16 16894
16 1 66277
6 21 45889
14 17 20796
12 15 10575
9 19 15281
8 16 6182
7 3 85498
20 8 60991
13 15 50871
1 24 1522
23 19 83287
10 21 66448
6 23 40491
22 1 60318
11 11 58546
6 2 60459
9 6 86558
5 20 57796
17 14 57262
5 18 65126
24 10 36915
23 22 40927
17 4 53245
14 12 90233
22 22 632
3 20 39605
9 17 5117
16 5 74894
13 5 59778
20 20 48317
1 3 23254
14 24 36316
6 8 94113
15 17 78623
7 15 13054
5 5 79780
23 17 8724
7 24 70792
16 12 44997
1 24 35348
13 22 74718
20 3 12769
1 20 82908
7 15 20141
22 4 59924
10 18 46414
17 16 79679
11 8 80172
3 7 40353
24 6 44542
6 17 24404
14 17 42799
19 12 43821
5 16 17810
24 6 96461
7 7 9762
8 18 84608
4 7 57830
15 25 50557
20 15 41595
12 11 2498
16 21 42143
16 22 22030
11 14 26858
5 4 20737
5 5 17810
1 17 3976
15 12 94203
16 6 85645
3 8 43338
1 8 6802
15 13 11686
7 10 45615
2 12 3545
13 11 66779
16 8 26085
21 5 69120
5 1 18698
24 7 23001
14 8 25103
11 1 90147
11 19 47879
7 20 31876
14 10 57430
13 17 5080
12 25 36995
21 24 34823
12 17 19545
13 3 27619
1 11 84259
15 2 38343
9 9 13939
16 25 37673
20 1 90158
7 1 5946
1 7 1123
8 6 36475
22 22 25072
12 8 98619
13 4 7327
19 7 43271
14 11 85674
8 1 34610
2 16 11236
14 9 39000
1 9 21123
16 25 70269
9 1 16386
15 7 79226
25 24 91789
8 15 31492
5 8 21051
18 10 62402
13 7 76852
5 24 50045
15 14 24472
25 23 50146
9 2 72642
3 17 80629
4 18 57220
9 19 93770
19 11 20901
8 11 92971
7 17 94290
20 12 25657
10 2 75428
25 19 48609
1 19 2184
11 23 25390
14 22 56655
23 17 84197
11 21 85812
16 12 68646
1 5 56705
17 25 32269
6 7 37433
21 23 11916
13 16 42341
11 7 16353
19 17 48210
15 3 57979
15 22 59948
5 11 60138
22 1 23067
25 22 85866
24 2 75315
3 23 50137
25 2 41645
8 25 14648
1 25 81465
15 13 87848
18 5 32034
7 19 2938
18 24 80138
4 20 60866
23 13 69789
7 5 65372
10 6 86788
18 7 52766
22 6 82396
16 21 13621
13 14 25052
20 11 98734
21 22 28920
12 4 2600
6 15 64639
8 18 78061
10 17 35975
20 21 82597
2 20 16466
10 18 15508
6 7 4470
9 13 24919
12 3 30581
11 7 41456
10 5 56759
17 20 2405
5 19 46054
17 14 35389
5 16 70867
12 15 66854
12 12 17475
3 25 48892
2 6 47401
3 14 72863
8 10 90093
23 7 72785
3 13 75542
12 11 52033
21 8 14840
9 19 78335
13 12 7198
21 22 42725
22 2 85623
19 22 24720
4 15 12957
21 24 28707
3 6 44229
18 6 83973
6 17 79881
9 24 35063
13 17 33070
24 16 90620
21 11 19511
1 18 71608
10 15 82735
24 7 76025
5 25 84602
15 19 2849
11 16 99908
5 13 97202
6 7 45188
5 25 59138
3 1 71729
18 3 16397
3 3 48460
17 10 86238
1 17 25003
13 17 31217
9 4 82802
6 12 59855
6 1 72945
10 20 95434
18 4 83929
12 5 68013
9 14 48215
18 23 7757
24 17 60701
14 21 87257
1 19 59018
20 18 79982
19 12 79550
13 5 48701
5 1 14899
18 21 26882
6 24 29789
4 11 6846
11 18 50587
1 20 48005
12 3 97249
14 15 87827
5 7 29889
19 25 96295
8 18 723
22 15 4446
16 3 37071
3 13 49996
7 19 94635
15 19 82797
10 4 60591
9 7 22789
11 25 12151
25 13 11854
14 20 63591
16 7 15630
15 46 25192
3 13 79023
1 46 35839
22 29 17685
25 22 44913
6 7 17818
21 39 96857
20 17 22952
12 26 49559
12 32 28951
15 20 6634
17 46 29835
20 14 68680
13 1 81997
18 13 33589
21 45 79377
17 38 991
23 23 57190
24 20 60906
18 33 66777
14 32 71687
10 26 89157
9 24 57328
8 48 79859
23 41 79213
8 8 62616
8 21 62399
25 2 14491
24 50 81483
9 9 10021
22 2 36166
3 40 16957
3 9 71557
7 3 61165
15 18 23326
7 10 3289
25 1 92764
5 3 94730
15 13 81834
1 11 5540
19 14 43290
12 26 41793
18 25 25954
3 46 95023
6 49 20205
7 44 91292
7 23 33779
16 35 32493
13 37 52952
2 1 47431
24 37 69183
12 2 95290
2 16 76290
12 38 89049
25 26 68248
3 25 31427
10 39 92682
23 35 80940
21 41 40128
3 41 90640
7 21 74147
24 34 87124
18 22 32372
17 26 82383
17 12 53555
8 30 36073
1 40 10703
21 12 10783
22 41 55380
15 47 87887
17 4 3244
2 34 36542
13 32 15909
14 48 53428
20 28 59203
9 30 15796
2 38 42898
4 16 15405
15 50 72004
12 1 65928
16 27 64684
10 12 1407
4 50 16883
23 24 8329
19 9 18750
12 48 58902
13 24 52920
6 20 38119
5 43 29745
1 31 82173
1 13 39543
19 33 70815
24 25 26954
21 5 41220
8 28 17470
14 10 15954
1 45 51223
5 41 62606
24 37 4111
5 40 27672
16 17 1334
23 10 12266
7 42 53424
17 45 82234
2 25 69840
8 44 30259
12 28 30220
19 33 32516
23 2 18347
11 6 67479
1 15 48926
22 1 89439
2 14 42247
8 5 74318
15 38 26796
11 24 80363
3 35 74916
17 14 91282
19 11 1579
12 45 34425
13 1 81351
11 34 91559
16 6 63636
16 23 44839
17 47 91266
21 11 25541
8 22 52519
25 43 58139
19 35 21648
6 47 17300
25 24 67991
19 45 40386
17 32 38751
17 47 63019
3 19 45508
21 17 70320
17 29 9559
25 4 81366
20 45 46150
15 19 9469
24 19 92688
17 12 65837
21 5 11006
2 12 99210
3 2 18756
9 35 89037
23 38 30017
18 38 34783
17 32 10190
2 17 8928
19 7 75260
10 40 66259
23 44 90500
3 46 27014
4 26 48700
24 27 76461
12 18 32997
12 43 48496
21 33 94383
9 36 85835
4 45 98969
7 1 94369
25 38 25088
15 28 34280
17 40 15307
12 18 15473
17 34 13434
2 12 89925
15 24 41590
14 41 58505
25 3 97434
7 9 34867
4 28 76612
18 47 33974
4 24 50506
22 7 77849
7 45 54374
22 8 36115
5 41 65938
13 12 43909
15 27 79523
3 27 64755
17 49 5803
12 20 90963
14 32 52245
3 22 99133
23 45 64328
11 25 3357
8 11 32610
4 41 73671
11 19 95722
2 28 12364
6 25 94374
12 19 5699
18 9 56444
14 36 93636
20 49 18229
22 38 25133
5 48 11939
1 30 91605
2 7 74511
14 15 56109
19 1 57817
1 50 20848
22 48 45356
18 10 564
4 42 5488
16 1 94393
10 19 36314
3 33 73776
5 21 82253
24 27 28984
4 37 27416
18 35 41855
23 49 95843
1 27 77301
2 5 13687
20 6 11186
1 19 13415
5 39 37128
11 25 85120
25 19 19826
25 43 5000
19 44 87475
20 10 96104
12 34 80854
1 11 1405
5 16 1661
12 40 74294
13 3 27678
13 5 16562
23 10 87339
8 41 18949
5 6 11284
24 35 84344
2 44 3477
8 7 38711
2 36 99454
22 43 59817
7 7 4302
11 50 78843
6 23 27923
6 34 34958
6 26 60181
9 43 87922
12 24 53495
2 17 18821
31 32 12697
27 40 62386
32 44 54291
48 47 59117
38 35 70490
34 45 73392
33 41 1733
35 49 93
49 32 63561
41 50 54337
45 42 93847
31 40 97341
33 42 88587
43 30 83394
43 42 83812
44 37 57615
42 30 48079
36 40 49081
26 38 2265
28 39 38962
28 40 33042
31 27 73875
29 38 63971
50 34 87583
34 45 67543
26 45 71805
31 30 65024
48 50 42743
29 32 64545
41 37 13393
49 43 25623
46 29 43155
35 28 27962
38 43 71824
38 31 30068
26 41 92132
26 26 68465
48 47 96591
34 40 9047
43 40 84645
33 28 79918
36 47 5072
34 30 99648
32 44 67081
43 35 49609
47 49 98652
31 33 5728
46 27 90046
33 48 48601
36 40 97937
48 26 65339
29 45 25994
31 49 68514
31 36 51530
30 42 12885
39 45 56749
26 27 37981
33 30 4527
49 46 1508
45 41 91180
33 43 65757
38 28 16536
31 39 25915
45 49 50318
34 32 18128
30 32 94490
34 49 57426
45 46 56160
47 34 45774
46 49 52909
27 31 71497
35 47 81167
46 47 29644
39 33 33482
42 33 13290
26 28 58186
44 37 16659
35 34 6971
30 32 9081
44 40 15018
38 45 64208
47 30 43415
39 33 90370
36 45 84344
32 49 7439
28 30 71483
42 42 53511
45 28 47977
43 26 5200
28 32 54568
40 48 30531
42 26 4584
40 30 9307
33 42 89800
44 50 96493
48 34 2114
26 31 37409
38 32 86693
48 45 85345
40 37 50045
28 27 12290
47 48 4446
43 34 29667
28 28 22382
35 44 59790
39 47 21212
50 34 80044
31 41 80040
36 29 33848
40 26 74714
38 34 97003
27 27 80744
27 48 60270
38 26 51618
26 34 42546
33 35 6049
47 33 60879
37 31 12897
40 37 29255
40 48 18372
30 48 36575
41 33 24193
50 49 12777
50 45 66082
31 35 51617
33 33 13766
36 46 38219
34 48 81775
38 39 72072
29 44 6143
38 31 72539
35 36 67777
38 26 68912
42 44 76896
37 41 73512
33 44 33702
30 49 608
31 49 43273
44 36 61141
43 32 43592
36 33 41371
32 46 46460
41 33 69625
36 26 44705
43 42 19318
37 38 94298
49 38 67052
30 38 86441
38 36 73843
34 49 18089
31 26 35969
39 43 96200
39 33 33413
36 33 53909
27 28 10779
34 36 59145
41 40 53736
29 45 87418
40 45 67658
43 49 50888
50 29 41905
28 36 1694
39 47 59233
34 27 96047
31 48 24658
31 46 39918
29 41 79756
47 28 71412
28 35 98266
42 39 39040
43 47 36798
37 46 40162
35 29 23843
28 27 6629
45 44 92734
31 31 93083
28 36 5011
48 45 1100
44 47 23348
47 26 84209
31 41 4877
44 31 35403
33 46 21854
36 26 81563
39 41 26174
47 29 55959
36 48 54445
50 39 8897
31 26 92179
40 43 52267
47 49 48231
34 50 31337
40 29 26677
49 33 28095
37 33 63943
26 47 36807
32 36 38748
35 30 12508
36 26 74302
32 30 85856
43 41 72565
32 39 8249
31 41 34246
34 26 45252
34 33 83637
49 33 66100
33 48 91424
35 47 85194
49 28 51098
48 33 36809
34 36 44448
30 36 6457
31 27 30653
39 30 87079
49 46 12361
42 29 72090
47 41 94678
46 40 72818
39 43 31587
31 43 48421
41 33 94765
42 42 41467
32 36 46368
45 40 12229
47 41 17610
34 47 85729
47 48 5248
45 32 54827
41 42 87704
27 32 93368
29 50 19626
41 46 9617
31 28 99653
49 44 31991
45 31 80758
35 39 47357
38 42 39227
46 36 73836
35 27 68747
34 28 22920
33 37 75386
41 31 3596
26 45 21193
34 29 18764
27 41 75559
35 46 62127
41 30 60095
33 39 13616
47 35 13328
45 50 60692
41 50 3445
33 27 10072
49 35 1458
27 27 53943
39 49 12658
33 35 81832
29 27 93836
46 26 85366
30 31 48572
31 28 50258
31 39 57428
33 45 16283
49 42 27188
37 50 70704
27 43 19738
49 41 18706
44 46 81676
26 48 1767
34 27 48528
45 44 53502
30 48 49367
41 42 45146
34 31 18703
47 38 68264
38 28 11533
45 34 80237
48 50 66289
34 29 34194
37 50 19718
31 26 75868
43 31 21317
48 41 98009
31 27 45219
37 43 41781
38 33 50207
45 43 53505
40 32 88002
28 35 84506
37 33 23869
50 49 37904
32 38 77959
35 46 56184
42 45 60302
43 48 30483
35 35 94826
36 34 30732
28 37 69805
39 28 75186
37 35 23438
27 48 9381
43 44 57232
31 37 65085
45 31 48212
30 43 47193
33 43 8862
36 48 14494
32 29 74801
49 31 3580
29 36 11433
49 33 4440
46 32 47849
39 49 53146
36 35 17850
41 27 18920
46 28 11593
29 49 48367
41 43 87784
26 30 92974
40 33 34768
37 38 2638
35 47 92065
37 40 69118
37 36 92853
37 35 61185
38 50 77273
29 41 6021
42 42 69164
29 34 48108
46 38 41328
31 38 2565
41 38 1606
34 44 20515
36 34 72154
35 37 91521
43 49 64125
35 28 25249
37 42 49629
35 33 20092
31 42 30993
47 29 40140
30 29 6067
42 34 69406
47 33 27967
27 43 90010
35 32 82352
33 45 71791
47 31 27264
42 26 57843
44 32 5627
30 48 63303
43 47 92938
28 36 63577
42 31 50089
48 44 59406
43 49 29870
40 50 56897
44 44 24943
43 38 64144
38 41 33014
43 50 66215
33 35 62991
27 27 17316
41 49 73892
27 34 63708
48 49 59564
27 30 50307
46 37 98520
49 46 45805
44 32 34683
48 37 59234
40 27 45043
29 35 89977
36 37 61342
33 44 13883
44 32 20314
36 37 31961
29 41 19690
33 33 2703
44 49 2467
26 48 12727
47 35 679
37 50 67694
45 35 61267
48 38 71565
31 40 93378
33 34 8532
30 48 9581
26 38 10564
35 42 47659
48 37 32660
33 41 17774
26 38 26593
37 37 8395
29 32 97250
38 49 38189
30 46 99533
35 41 68535
42 26 30132
49 47 99029
39 38 40087
31 35 86588
50 47 29711
48 32 36103
35 43 36915
44 49 59075
48 42 28789
45 44 36798
28 26 1126
32 37 30381
27 28 63945
36 50 73505
46 38 86349
29 35 61226
34 45 20723
43 29 3431
27 30 64671
38 43 62609
34 47 25379
50 30 8286
36 46 62606
37 43 34604
30 49 26311
36 33 40836
44 44 7127
47 47 28778
42 46 52510
50 35 35591
28 32 99403
49 49 79276
36 39 52491
36 46 28157
27 38 23491
28 33 20748
45 44 5178
38 49 11816
36 43 8604
48 49 31336
48 50 54035
26 28 40893
47 33 96940
41 39 5811
43 34 47512
48 27 68276
42 26 24160
45 42 77736
37 33 72460
29 37 79179
26 39 96725
27 31 70160
41 31 42685
50 41 54794
40 38 49168
30 42 61886
36 36 52146
27 39 67983
30 30 85224
33 28 10729
46 42 21566
43 37 78430
39 41 49385
29 26 76478
26 35 58307
31 41 56938
41 26 40015
47 34 34383
48 40 12398
50 42 27599
31 26 61577
35 31 65043
31 30 46400
26 38 72544
36 39 21831
47 48 48450
41 34 43600
34 31 96799
43 42 10041
27 31 78704
48 34 57590
48 39 487
27 26 44253
28 49 51580
27 40 56798
33 26 52197
29 47 49685
35 33 59628
27 50 39890
46 29 797
40 47 26004
28 42 58901
33 32 92213
47 35 3295
45 32 79002
41 36 47648
30 28 19558
49 31 83579
44 39 31696
42 26 20484
30 42 33490
32 44 70914
49 47 91309
40 47 31548
27 41 72397
44 42 98067
31 32 31905
50 45 17065
43 41 24102
29 30 66741
37 35 57610
48 36 91487
33 28 69534
28 27 12711
29 38 38410
48 41 42046
49 45 92419
41 38 24650
49 27 59439
32 48 4058
31 31 97313
31 32 89055
44 49 95477
35 34 3728
47 31 47567
47 40 49063
28 29 15045
35 47 6453
44 39 75888
40 47 77121
36 37 33039
50 32 6784
35 48 33172
37 27 70553
48 48 67278
49 43 41226
41 30 26148
26 35 85055
45 29 12625
41 45 96935
31 26 51105
33 28 23946
47 31 26534
31 29 28146
45 27 59570
41 37 738
41 42 21910
42 46 77836
40 43 92346
47 43 89147
27 38 87116
30 32 34599
30 35 90608
42 34 68137
41 31 98732
42 27 34139
27 50 37062
37 47 59928
34 45 60381
42 41 41056
26 30 96238
44 44 46086
49 26 90453
38 26 19720
43 28 11009
36 29 30908
34 35 93020
39 37 23070
29 49 72257
48 49 2274
47 32 79500
49 50 95066
40 30 10385
29 38 17963
37 37 63833
28 46 96284
42 29 60954
30 29 20139
41 35 30965
34 29 22790
27 27 32223
35 46 52299
46 45 77366
50 43 95956
26 49 49755
39 37 21426
40 48 43118
42 42 55272
38 27 72440
29 31 13424
50 33 97763
44 39 87462
27 47 65461
30 48 32131
42 39 6685
34 30 73400
45 31 78660
31 40 91252
28 35 91189
29 45 29273
33 30 13675
36 49 44573
34 39 3763
31 50 60408
49 32 69907
34 34 92570
30 37 70193
42 30 34889
39 48 38041
32 32 53319
36 42 2215
34 41 19773
34 39 60285
27 40 32111
31 35 58363
36 33 5213
41 48 98895
41 40 67708
37 46 26425
37 37 71189
28 31 48758
35 35 73457
32 39 18636
39 29 27852
43 45 95945
37 43 28699
49 43 10253
36 34 83566
45 27 62123
28 44 10017
37 34 13616
47 50 64826
44 47 84575
44 34 82779
49 40 63061
41 34 29066
30 44 63313
47 43 1306
48 39 91272
41 50 75170
48 32 60407
37 34 90674
30 42 4665
37 35 67145
36 44 62104
45 35 4759
38 26 14361
43 43 43913
47 28 11702
42 29 73581
29 47 50075
45 38 92595
46 27 90372
47 26 68327
39 43 76947
42 27 13924
35 44 64233
47 50 24675
44 34 49879
28 36 6559
46 28 28981
40 37 74069
41 27 76367
45 35 42103
47 48 68223
32 43 38606
38 40 17132
28 50 94518
29 45 98425
40 32 47992
43 48 34008
46 48 26401
37 31 1969
28 40 36738
49 47 96613
33 41 20220
26 50 50334
30 48 76370
28 50 83252
42 43 75156
49 28 91752
37 32 90848
36 33 57297
42 34 69545
32 46 21943
28 29 93762
29 50 67955
42 43 15235
35 40 72648
43 28 73033
26 35 13923
28 50 3285
44 39 40647
44 35 32986
50 41 19804
37 41 60451
49 28 39850
34 47 84553
31 39 8495
43 35 2830
28 40 90741
49 35 52266
27 33 7931
28 48 86757
33 27 65109
26 27 41342
45 47 7588
44 46 17737
31 47 79461
44 43 79794
42 26 79129
43 38 85687
31 43 77895
44 41 18928
48 26 96316
29 28 49165
50 39 64428
27 38 40938
27 43 32036
36 50 92540
39 47 35907
40 40 84494
40 48 74817
40 30 28178
47 48 29613
48 30 58337
50 46 93637
41 38 10782
36 28 34519
44 38 68806
37 46 88128
47 35 72867
38 26 21927
42 31 40103
34 38 91467
37 46 79156
45 42 29789
41 39 55757
34 47 45285
44 26 33317
42 34 85544
45 38 96386
35 27 39841
35 26 52981
30 39 74628
43 49 92254
37 34 8535
39 42 58367
46 32 56077
36 39 49514
33 41 83494
30 43 96129
45 47 92751
33 42 46174
31 41 58499
44 42 43166
32 36 1694
35 32 27957
29 40 66993
33 48 5160
38 46 40000
26 33 65144
40 48 66154
33 47 41511
48 42 23314
31 31 59348
45 32 23252
34 50 12098
29 27 27677
33 50 13858
35 50 27493
32 42 51937
42 50 50965
32 31 2782
47 40 99550
29 36 37340
37 26 7462
43 46 92674
37 37 41721
44 30 11558
37 39 98428
43 33 85652
34 32 64372
29 47 89173
29 46 42556
45 39 65238
28 40 38846
32 29 56639
28 28 63273
45 42 35228
30 26 63463
30 50 31395
48 43 14641
39 35 47839
27 28 87526
48 47 33878
32 48 84398
27 43 20240
36 34 18434
38 34 65507
50 34 41269
49 49 38264
26 36 39033
43 37 71387
50 34 94172
29 37 42677
41 26 86295
27 49 98977
36 37 3297
50 34 86859
45 29 88182
42 47 43361
30 38 27307
49 49 45050
41 46 23254
26 30 96058
32 37 6965
27 30 37553
30 27 57105
34 40 87406
34 41 73552
29 29 23351
41 33 21169
28 42 32629
27 47 30235
49 39 91558
49 32 32709
49 29 58526
34 36 86332
34 26 60942
36 28 9988
38 44 1566
29 42 28006
44 47 71500
42 27 13690
34 39 28741
32 50 84428
45 39 23599
39 37 44546
29 27 40110
46 41 95791
49 39 88698
46 37 47958
34 46 66328
30 40 8819
34 32 80966
41 28 19079
39 31 75725
39 37 16499
50 33 41338
30 41 66332
46 35 53668
43 49 21792
44 41 44628
35 29 77821
49 33 11926
33 43 39898
31 32 96265
37 45 43361
41 40 27677
39 47 60424
44 39 38065
42 50 15020
30 36 562
49 42 69396
35 40 32145
39 29 41148
29 48 51815
38 30 81555
45 27 38692
50 39 82764
46 46 72050
43 28 55731
37 40 46707
42 50 17002
43 36 53653
44 28 60348
40 34 57246
26 48 49950
48 33 20016
32 45 22184
47 40 55819
42 46 821
38 29 86977
43 46 29561
45 43 44736
50 33 80773
41 43 61864
38 40 70932
35 41 37127
48 43 73024
40 31 2428
42 46 71633
48 30 42197
37 35 26079
48 44 21724
37 50 45140
30 31 95986
40 38 98920
45 28 35640
48 33 682
44 42 13487
39 45 45962
40 33 7289
43 37 46406
41 41 56427
40 26 361
32 47 46889
47 43 96551
41 47 26354
29 35 6938
29 29 77007
31 40 32173
33 30 4881
31 38 70541
50 27 71206
29 42 77985
41 42 72007
41 33 22082
33 31 19125
47 27 42703
48 43 39410
47 35 62799
30 31 62966
37 48 27062
38 29 38432
44 49 27462
26 33 89061
31 31 32244
46 33 2167
28 42 9287
48 30 43920
46 35 1988
47 28 77686
49 49 13259
47 39 76594
35 33 3975
36 38 97828
50 37 50363
37 42 88661
32 29 355
49 32 32395
38 48 52895
30 31 99351
35 47 73361
37 34 25719
34 28 80567
36 40 6507
46 42 59985
27 41 11703
43 44 98569
31 35 44083
50 47 9509
32 28 78388
37 26 42035
36 34 3784
44 34 9461
31 45 31894
31 46 36527
28 28 2205
26 49 29150
31 29 84347
32 41 21227
44 46 35500
30 42 5452
50 31 61932
49 43 20441
31 43 71094
50 43 42842
30 29 97711
32 36 29799
38 48 80384
30 36 18953
40 35 39145
49 27 26259
31 50 17617
50 26 78013
42 38 62489
49 39 75512
42 26 98283
35 33 57532
50 42 45298
40 38 96877
33 37 25393
30 46 28451
40 39 4241
30 50 54012
42 37 53895
36 37 35715
38 46 58269
26 33 69996
41 29 72248
30 26 4851
34 34 26846
34 34 17351
43 47 15830
46 45 30597
45 50 19594
26 42 7520
50 30 9369
35 45 86023
42 46 17111
30 34 107
43 42 5376
27 48 16208
46 47 69866
47 35 63228
26 46 46638
47 43 8968
47 43 44255
42 32 82865
34 31 3528
32 28 16438
29 44 22206
48 37 6622
29 31 26966
47 43 82057
50 45 35269
45 46 77412
31 47 74683
37 27 45835
41 29 52220
26 31 64589
44 40 91293
40 33 13969
44 47 78858
41 38 34556
39 34 90314
42 31 92919
38 35 84756
41 43 10806
39 41 88142
34 30 37931
45 27 6961
43 45 73426
33 32 39981
47 39 66020
26 40 80649
30 42 48056
50 42 27724
36 42 83395
31 47 46731
44 44 34296
28 38 49788
49 39 77355
49 46 86419
41 37 23568
47 44 62899
47 27 22617
48 49 32735
33 40 56429
36 41 25838
45 50 52114
47 35 8984
42 41 69342
33 39 95131
46 30 42240
29 29 44169
27 44 80897
29 47 22695
43 29 62543
32 38 15367
38 48 67484
39 49 5443
46 32 39880
38 45 67057
46 40 78422
29 49 36833
50 37 87020
31 31 57398
45 40 40539
42 43 10379
49 49 45702
31 29 81464
38 36 2205
37 42 25103
48 49 94144
27 36 21427
47 49 66820
48 37 42957
36 42 69007
33 26 73699
39 38 65755
34 29 48181
43 34 51812
39 29 3025
50 29 20743
43 42 58628
29 33 69811
37 26 73526
33 38 45726
47 48 39031
27 33 61306
48 37 6699
35 26 38156
42 33 66232
49 48 55429
45 37 16368
26 30 9746
39 44 96358
43 46 16368
44 27 70590
47 41 6676
48 33 83954
43 44 2054
28 31 30514
47 31 69251
32 27 3068
34 48 87290
37 36 16187
32 40 81015
45 44 20286
48 47 1344
33 28 49327
29 34 57314
44 38 69725
42 39 29989
38 35 23031
39 49 23316
41 43 79977
34 34 31999
48 29 48453
26 45 31480
44 41 3005
46 27 20094
40 36 28422
50 26 68483
46 50 94994
30 36 56345
30 42 8023
32 50 1596
48 26 99155
27 33 12026
31 46 52126
40 50 14516
33 43 80481
31 36 41919
30 48 99866
33 34 82647
45 43 62453
39 42 23079
40 40 46083
45 26 37839
50 26 15710
32 29 8044
29 38 99711
38 36 72580
48 38 48658
38 45 42504
36 49 69116
35 37 33635
43 40 50044
27 36 97419
28 45 24397
48 34 55146
36 49 33474
42 45 65592
36 46 86631
43 36 81177
33 48 33892
30 48 72696
26 48 94078
45 39 27723
44 33 6003
45 50 52752
42 47 95332
28 38 34160
49 47 74663
35 32 38063
44 30 19432
49 35 54155
37 49 87204
42 31 13596
41 35 72924
42 46 36031
46 46 17728
50 36 85825
35 27 13869
50 43 42580
42 43 73347
28 28 16020
47 47 52819
26 32 60328
45 44 52374
43 31 67991
30 49 30732
43 45 48262
37 49 4474
38 30 20288
43 37 23848
44 30 76002
44 38 42761
41 29 92850
33 39 25513
30 35 1427
37 36 57855
31 30 38110
35 27 54962
40 44 37757
43 46 83882
38 39 46555
48 32 43050
41 32 60089
27 41 66442
44 26 16729
30 27 44942
33 39 1380
40 48 82515
30 45 39706
44 27 29745
45 42 87888
35 35 62330
40 40 47999
30 28 97107
39 31 64069
50 46 63184
39 50 78933
43 31 70761
38 39 56918
27 40 45213
45 48 2468
45 36 19020
27 41 29771
33 48 99116
30 47 63475
43 49 52235
39 30 75559
40 34 75837
38 45 88462
26 46 47193
30 26 99511
26 32 68195
50 41 6763
49 38 48483
42 29 41314
40 29 94465
47 34 36166
39 45 96798
36 41 86724
37 49 33922
37 39 83005
31 28 34208
49 36 18633
49 39 64326
31 26 6703
40 46 36371
37 32 57586
36 50 51370
39 36 98763
43 49 21707
32 47 41752
32 48 40076
35 48 26221
673836543
