40 950
37 8 30273
30 13 85802
20 34 26606
36 24 95472
18 29 27357
20 18 17095
32 12 14197
33 30 56895
21 30 73794
19 22 1478
9 24 71605
37 28 1744
23 24 20688
8 1 84739
23 7 33712
35 4 13340
32 7 60780
23 23 81641
13 7 53278
32 13 78071
29 23 35501
1 34 1974
22 12 78236
28 15 14328
5 1 29654
1 33 94648
1 26 82532
13 26 67538
18 39 17676
21 9 30866
17 31 22111
34 21 38644
30 5 8767
29 18 64262
37 11 69438
37 33 41232
28 22 43297
30 37 69714
11 27 33521
31 10 7175
7 13 20000
27 33 73131
22 34 97910
39 28 82306
12 5 82361
38 1 42086
11 30 6493
20 20 72014
32 6 63408
26 36 11510
38 31 96174
28 32 12065
38 28 80818
1 2 69976
15 30 16600
15 21 52090
15 20 88754
24 17 30214
31 12 90120
40 39 48313
10 20 29320
24 32 52546
35 33 49997
21 14 68031
9 35 84800
16 9 81786
16 18 51661
14 9 11179
4 18 12019
23 37 96965
39 35 80377
5 40 54031
13 39 42220
5 38 58858
15 9 79201
5 24 16687
6 8 53796
31 2 72798
24 10 93477
9 35 49413
24 13 70972
17 10 63703
35 30 72323
2 1 23272
20 6 9261
29 21 86454
10 34 83728
19 39 97665
8 22 78019
21 9 67950
4 14 87805
6 26 21498
28 33 61894
32 13 97168
39 19 72665
36 26 5645
14 16 36230
20 13 46447
31 39 89076
26 3 82198
32 39 26681
21 7 20998
34 22 23706
26 27 40722
39 22 340
28 17 94268
15 19 26224
4 8 3289
27 18 74608
12 39 94329
15 30 52909
26 8 68561
39 27 50823
31 27 60834
16 13 8649
35 5 20470
19 34 22374
6 28 93363
36 29 60315
1 10 59306
27 31 71528
34 1 60140
2 2 57503
11 35 72063
17 13 55673
16 30 31080
25 31 31489
1 29 14881
29 13 91949
40 36 41076
5 22 49982
14 3 33220
16 37 79417
36 15 78156
4 2 83865
8 1 95156
3 31 49990
33 16 26812
29 30 92626
3 30 59721
13 33 13247
25 6 79321
5 3 57510
8 32 45700
36 26 56070
37 28 57251
23 23 85699
2 2 6620
39 33 75708
26 15 61648
24 39 74906
4 21 54865
29 2 64442
23 29 93517
29 40 65781
31 20 11951
31 4 25422
29 21 56239
24 13 19376
10 25 92930
25 29 82576
30 21 68472
28 30 38669
12 37 60743
31 17 52646
2 32 79818
27 8 6741
3 29 11043
4 16 74472
17 15 92245
38 32 39705
40 6 69575
39 33 39557
40 3 47693
15 29 49842
23 4 2694
9 19 38760
35 34 46758
36 39 83634
15 25 56892
18 28 32628
33 7 14583
14 32 40514
36 2 55446
16 10 67440
8 25 28224
22 4 91105
7 36 89347
6 34 95452
26 27 64799
18 37 98639
25 21 45677
4 4 16135
21 6 21617
6 17 3922
37 36 19367
6 35 35382
4 22 98241
33 39 62877
27 22 54045
5 13 41700
12 1 16091
38 26 26157
22 22 54204
34 35 22334
29 10 83728
38 8 22685
31 15 4427
11 30 88066
37 17 95322
3 11 53233
18 35 21696
17 22 43123
31 7 76114
35 21 16240
36 36 54058
22 3 26153
27 36 61781
6 23 76085
17 5 22967
17 38 59683
39 16 18697
19 11 43867
15 9 87608
12 26 78741
7 25 78896
2 40 72510
2 38 87315
14 18 64540
30 26 77394
40 30 71590
8 24 92929
38 14 86129
23 22 40108
9 7 22816
34 40 69501
25 4 51883
14 10 78168
29 9 24406
5 5 21210
39 14 93465
25 18 98795
8 22 11880
1 25 54701
15 34 47611
22 30 44194
16 13 93897
13 37 59265
23 9 65594
19 23 18052
4 19 4718
19 10 61325
26 29 66698
15 28 54249
6 2 9796
23 38 66708
9 27 60283
6 9 24304
22 9 7684
29 28 56963
13 30 91245
16 25 68802
40 20 50093
32 2 55722
25 32 15689
21 39 73753
19 7 52407
36 21 27675
34 8 87580
7 39 95300
27 18 89327
32 12 16180
3 21 32928
31 37 65623
1 18 64569
21 10 65873
1 31 5753
40 31 89131
7 7 9630
33 40 13843
24 39 59595
7 14 61204
6 9 4640
8 3 67017
7 5 29804
17 14 11738
26 5 24179
12 14 14368
23 18 5106
7 21 92668
18 3 92676
21 2 50368
4 26 72144
24 12 92386
15 18 87618
34 34 10858
4 26 43722
23 33 70648
15 27 54286
40 14 44025
17 32 30428
34 15 65049
36 16 93101
12 4 57704
30 9 86098
29 13 24565
25 31 49892
35 33 99492
25 25 50257
29 40 76919
26 2 80536
17 20 38426
28 24 25238
38 4 34678
25 18 74368
21 36 25996
31 18 62090
32 5 90001
27 8 5660
33 34 20281
33 1 87699
9 22 39856
12 36 39190
29 33 59796
26 16 85711
22 32 22300
40 40 44532
25 38 73337
10 32 45911
25 6 30043
22 11 74192
19 18 8726
24 27 20619
12 6 63
5 24 33080
19 32 56781
9 28 72477
6 11 57404
8 15 11041
22 14 37189
30 31 65690
14 30 17582
25 17 66287
33 40 165
22 21 42292
19 12 25150
4 11 35547
27 30 81846
9 20 36487
2 10 26021
18 20 6644
3 5 32351
33 23 13372
32 6 37998
39 1 20905
11 26 13245
14 4 73555
3 32 97773
39 26 76466
1 22 35872
3 28 42218
21 26 23281
40 2 78989
25 11 83597
2 28 60085
1 38 37807
19 39 33688
26 39 29443
40 17 14607
29 27 56667
9 4 91802
34 18 25964
6 19 92283
36 29 38514
31 1 55748
26 11 6373
12 13 97645
9 38 51497
13 18 10196
34 30 95068
36 34 70824
8 2 99518
7 33 81165
22 39 81593
7 36 43945
11 20 95695
15 8 31962
19 10 64978
15 14 6733
29 3 58950
31 18 83428
28 33 25044
3 38 3812
36 1 45264
20 20 96412
1 28 23884
10 24 60067
18 25 7652
14 22 76790
37 33 84162
36 7 26257
10 35 8336
30 7 57550
16 3 31221
39 11 54744
30 8 82819
20 26 78601
16 21 23187
22 10 54733
30 19 78763
14 9 22955
5 27 27348
39 20 37889
38 3 62537
19 34 77762
7 9 32032
15 4 48432
29 7 3236
15 29 70469
11 34 11045
28 39 77054
5 12 7728
27 26 83928
15 24 82452
2 25 85010
6 33 90918
20 29 79816
1 17 25035
1 10 13665
25 35 22965
24 11 57065
35 38 34245
31 15 25604
2 2 99561
2 31 41246
2 24 14791
8 18 16060
20 19 32648
33 23 41968
7 34 19209
30 36 47983
14 7 57120
38 1 28329
19 38 50840
19 23 486
38 5 94036
12 24 57347
26 7 55609
32 21 78718
35 3 2816
4 23 46991
26 34 29815
40 16 13391
25 39 93599
11 16 14101
16 26 70870
2 11 80204
29 9 56655
1 3 97921
14 14 94479
21 6 93401
5 40 98196
40 9 62376
18 6 35242
7 27 73416
21 6 51381
17 30 14436
35 6 37962
12 32 56316
7 15 57545
26 36 92024
2 37 34169
34 1 2239
3 28 85838
13 28 62938
7 26 82442
36 22 71493
13 33 79482
39 14 36076
38 1 32084
8 6 70251
11 33 83744
12 32 18050
12 31 47501
39 33 22985
7 33 24490
19 36 51824
25 36 5393
22 27 5798
29 11 66843
5 28 49555
9 15 48402
9 2 73776
14 4 90972
39 3 79140
6 30 47348
17 36 36238
1 31 76434
13 31 83239
16 10 89504
5 27 76490
35 14 87778
14 13 629
16 2 72568
39 34 77197
29 34 2247
37 33 22757
19 40 43072
34 19 98924
21 11 15435
19 19 53222
5 26 73935
12 35 67720
32 21 2665
9 11 44617
22 20 28687
38 1 57760
15 9 2599
20 32 65839
18 2 9595
38 24 7141
24 13 25266
12 31 3405
21 17 33523
17 39 78829
34 12 69186
19 23 22704
11 32 22800
35 3 74574
34 16 61674
30 25 9355
11 20 38697
6 9 27276
17 18 12687
19 2 76938
29 15 22339
27 17 36842
15 28 95702
31 15 65370
11 39 41947
6 25 75984
15 2 39140
1 38 64045
10 32 76264
27 17 75739
14 19 28770
19 22 75613
20 26 91857
27 7 5627
1 2 85240
18 29 89875
5 20 96677
8 31 90460
7 27 91589
12 23 62760
14 28 73877
29 13 54697
1 16 3082
9 27 92708
28 35 18288
16 31 56071
29 36 76083
30 31 56048
39 30 13360
37 36 62881
14 31 4020
30 4 4033
19 13 98493
6 10 43876
39 30 46547
27 23 37209
18 5 85860
38 9 76130
16 15 83118
39 27 57662
28 6 91696
38 10 34534
32 12 14014
12 7 56400
21 15 49920
14 37 6793
20 23 70679
31 7 21768
15 15 75624
35 9 79793
1 22 82829
10 1 55257
24 7 42584
40 19 67170
6 29 82352
6 19 53464
30 1 32350
8 34 93705
12 13 3391
13 4 59154
33 13 2874
25 9 19839
10 8 64272
13 27 534
13 12 11772
35 10 79159
13 29 90082
1 1 25802
3 29 13456
13 25 13126
14 26 54751
29 14 99920
28 1 30283
7 28 20623
12 16 88329
1 39 62283
33 6 75739
38 37 95072
35 36 8978
10 20 47580
10 37 82353
14 34 98926
37 10 99810
33 18 47629
6 13 58634
18 13 24253
17 4 58221
3 31 39322
9 31 67777
34 6 8957
2 31 99786
23 4 23068
19 30 86216
4 32 20819
4 6 27
14 38 7228
25 31 62307
17 40 86134
5 4 5528
29 2 37023
40 11 54512
40 24 26107
2 2 40880
9 21 1267
4 6 84406
18 27 72502
26 20 79836
32 35 56999
18 6 92659
29 14 64191
34 14 37828
40 17 90726
2 4 35866
8 8 78322
24 21 78637
33 26 85451
37 8 8660
40 17 23724
23 14 10540
25 29 85045
39 29 19017
19 29 20007
12 33 76630
39 3 41746
7 15 84982
3 26 3434
9 32 20298
26 40 98685
4 16 58263
24 1 40268
17 15 29988
8 16 97333
35 37 14213
10 37 89634
18 24 37388
17 34 9621
12 23 78678
37 8 41327
4 23 60069
22 28 76220
18 21 90032
5 35 59100
11 14 43396
3 18 86088
35 15 19405
39 18 87057
35 15 67156
1 40 57882
19 25 93716
36 38 25692
14 29 39872
20 24 81176
15 3 84573
18 3 54909
25 34 8177
40 30 44698
32 26 41412
15 24 74049
5 21 59864
30 2 19882
31 20 59494
26 22 43480
13 11 97415
1 1 81028
4 21 82426
10 6 48751
38 13 3792
4 23 28243
26 6 44847
30 19 66598
8 34 14179
12 22 36043
10 9 63748
28 29 92280
27 13 46161
34 35 79142
1 37 86602
5 34 89755
34 36 26419
5 4 87417
26 30 1056
25 15 50153
24 35 84586
35 3 54410
12 24 4411
36 36 89780
19 33 64282
39 3 67985
31 9 21424
37 6 86588
32 18 27613
7 37 47823
9 37 46199
1 16 43581
34 11 2578
15 11 62487
10 29 67984
22 31 79050
35 28 42832
38 17 58608
34 35 21695
28 4 76843
5 12 36155
20 40 66492
13 34 81758
22 6 85051
5 5 11755
2 30 50076
36 35 92633
8 6 28518
19 18 57151
3 15 44628
26 30 909
38 2 99555
18 32 62943
3 25 72970
9 32 22357
2 35 11980
34 14 68121
8 12 50215
16 29 42637
13 18 46345
10 18 79881
38 31 78159
38 32 12568
4 7 78699
2 20 90024
4 10 93415
27 10 57959
29 19 71721
17 16 5065
38 21 68276
30 33 79943
24 24 15302
6 7 49040
34 39 70010
9 36 74604
30 1 33883
19 15 86801
37 10 62910
3 2 50368
16 14 29863
12 7 51212
25 9 87916
9 37 68257
12 6 6349
27 12 40189
23 5 76970
25 12 73503
7 31 8299
26 33 78905
12 11 53539
19 16 27397
14 22 38791
7 7 18790
10 39 36812
7 38 85440
8 26 46722
20 29 68044
33 15 5090
14 28 1938
20 32 43620
26 8 18449
33 28 83761
15 6 72155
18 3 90610
10 37 50139
9 26 4954
25 9 50944
10 28 1702
24 17 59756
18 15 39622
26 24 11525
6 38 36653
22 22 68066
5 5 28249
4 32 29616
18 39 5556
16 20 20642
4 32 33793
27 23 96609
17 31 78137
31 39 99592
30 37 9649
35 13 80808
7 38 83385
3 23 15591
23 20 16592
29 12 67951
6 20 99722
36 27 47638
14 17 35610
1 12 21306
35 35 72317
32 10 42936
40 4 8405
9 12 7636
15 10 52478
9 12 81243
40 23 94097
29 28 38086
35 9 34200
3 8 46748
4 24 59262
29 14 72824
6 40 65031
15 15 36240
20 12 18916
33 34 34806
11 12 32316
4 27 64787
8 14 18458
2 30 71501
14 6 71690
34 27 9605
34 12 90769
36 25 93759
2 13 12379
14 19 59001
36 10 38824
10 22 8189
24 7 63398
39 23 6478
13 16 82140
21 3 43517
27 21 56166
32 22 50062
20 35 65249
28 28 52337
5 27 92382
30 28 23835
15 4 58119
4 4 47504
25 29 1142
3 24 2419
30 7 82079
14 39 7134
24 35 86357
15 2 79794
24 12 70268
26 1 53735
40 4 44455
28 16 31358
33 14 18994
3 36 81481
1 6 53134
3 30 22544
27 13 5657
12 5 70948
17 22 74631
38 18 28543
7 32 39962
28 12 92847
2 2 81502
25 38 77877
7 6 78155
13 10 61376
12 25 99353
8 22 27534
18 8 64901
38 14 53757
30 8 69244
40 29 19312
8 8 74102
18 17 65378
13 36 62678
19 40 55761
27 12 98642
22 26 19632
22 35 34137
16 32 69784
28 4 89466
35 38 98173
18 22 70039
2 32 44435
14 39 66808
8 12 721
15 38 88806
9 14 68904
23 15 20599
39 3 83911
36 2 64407
2 2 92889
6 17 83215
39 2 65872
35 36 85277
17 30 64751
9 34 95689
23 34 17312
28 28 21963
5 8 8826
21 26 98410
34 1 90847
15 31 60113
10 10 14195
38 9 59032
31 12 68110
11 7 60648
9 38 70958
2 33 3956
27 38 28949
29 16 35959
24 21 726
13 12 45228
6 2 68531
29 6 79934
26 9 85529
28 32 92058
22 11 6674
24 8 60390
4 20 3788
28 28 5403
29 13 49053
29 5 75197
40 7 33197
342103668
