38 1007
1 2 84113
2 2 86042
1 1 65017
2 31 47186
2 32 18837
2 11 96453
1 35 25690
1 16 36709
2 13 3497
1 15 45472
1 35 56257
1 38 56704
1 28 47078
2 30 76799
1 13 59167
2 9 33264
1 22 15503
1 28 89300
1 15 52881
2 8 82488
1 2 71038
2 29 70779
1 36 2556
2 20 93993
1 32 74261
1 22 84030
2 28 55799
2 36 81999
2 27 16110
2 8 45462
2 7 33501
1 25 54000
1 12 30006
2 29 46308
1 28 25757
2 10 47009
2 9 34056
2 22 66410
1 1 42851
1 9 81381
1 1 53333
1 11 30581
1 27 71330
1 34 82216
1 38 72238
2 29 57547
1 22 85151
2 13 18339
1 21 66934
1 9 51465
1 33 61906
2 27 8858
1 22 67864
3 4 65626
4 4 24080
3 4 92341
3 33 95915
3 21 42231
3 9 38130
3 26 96727
3 34 82542
3 16 48573
4 34 32159
3 32 30077
4 22 17561
4 36 10792
4 16 97909
3 15 79683
3 19 67747
3 18 85642
4 3 5920
3 32 35150
4 26 27944
4 13 70932
3 32 28156
3 28 80428
4 12 22959
3 24 7906
4 22 31508
4 29 69048
3 27 55158
3 32 91833
3 12 41991
3 7 32557
3 9 47773
3 16 40796
4 22 29646
4 10 72165
3 9 33901
3 18 72683
3 12 64147
4 26 83583
4 15 41214
4 9 40385
4 11 91112
4 22 65075
3 16 22372
4 11 75196
3 13 79111
4 37 58706
4 27 81131
4 21 88410
4 6 87388
4 32 74798
4 21 44166
4 28 81132
6 6 17476
5 5 73094
6 5 86123
6 31 47731
5 29 30137
6 23 70913
6 26 95518
5 18 59945
5 32 34326
5 24 94186
6 35 77893
6 32 76379
5 21 44378
6 35 61143
6 15 23062
5 9 20556
6 8 37331
6 17 11288
6 20 13317
6 31 32721
6 33 6121
5 35 90530
6 27 60603
5 11 5161
6 29 8668
6 5 29666
6 12 30016
6 26 66353
5 37 28296
5 12 96692
6 5 99634
5 30 63939
5 14 95471
5 25 72936
5 21 6677
6 10 96523
6 31 20881
6 31 3031
5 35 29990
6 8 44306
5 31 89827
5 36 68707
5 25 58859
6 21 48545
6 8 67958
5 28 36411
6 38 98153
6 23 89837
5 37 68324
6 36 28762
6 26 59792
6 37 15235
5 13 29760
7 7 5808
8 8 60154
8 8 55138
7 38 74447
8 30 44034
8 16 47071
7 36 39983
8 9 33383
7 22 78804
8 24 38086
7 17 23663
8 9 50107
7 17 29903
7 22 79757
7 32 77682
7 21 25606
7 23 27488
7 18 88663
7 24 78619
7 38 76422
8 8 35696
7 24 64366
7 12 13296
7 37 7498
8 12 33780
8 16 19482
7 27 98392
8 19 61972
8 15 36709
8 16 11703
8 22 64521
7 32 97927
7 13 5218
8 18 27770
7 26 54757
7 8 42091
8 24 95306
7 11 69407
8 8 87611
8 9 70493
8 27 97199
8 17 91196
7 34 34466
8 24 66073
7 36 13751
8 18 40415
7 35 61459
7 8 3239
7 35 28313
8 32 48825
7 12 85824
8 26 9382
8 33 12042
10 10 56278
9 9 26472
9 10 84549
10 22 2238
9 31 81744
10 21 529
9 24 17724
10 11 98916
9 15 80929
10 14 75536
9 14 73252
10 20 36188
9 20 62402
9 16 63268
9 18 20087
10 13 76501
10 10 79222
9 18 1177
9 20 68369
9 18 64593
10 37 6601
9 24 66392
9 18 67004
10 22 93528
9 26 42016
9 32 75533
9 27 68809
9 29 804
9 36 97905
10 14 39613
9 13 13249
10 34 44538
9 24 36928
10 15 24017
9 16 76739
10 35 9735
9 37 99821
10 26 63548
10 27 40536
9 22 94628
9 26 75821
10 26 82566
9 12 26199
9 34 27101
9 24 65664
9 17 70199
10 19 48633
9 9 61188
10 18 87174
9 22 60627
9 9 36711
10 38 3651
9 30 73416
12 12 66951
12 12 89513
12 12 70552
11 17 45646
12 37 88625
12 11 65097
12 14 74415
11 20 50136
12 14 84545
12 30 74262
11 33 78175
12 13 63824
12 29 93829
11 27 70084
12 17 10160
12 18 77748
12 17 26942
11 14 48771
11 21 27654
12 27 25281
12 13 9948
11 21 40441
12 35 95360
12 18 11078
11 33 54570
11 12 10916
11 27 9557
11 33 48224
11 14 98955
11 14 96726
11 24 17967
11 29 53587
11 30 69134
11 24 23310
12 38 85318
11 38 51372
11 28 11195
11 37 56424
12 38 54618
12 31 34883
12 23 44153
11 20 36752
11 30 54127
12 23 36480
12 32 83524
11 26 47715
11 21 33
12 33 55746
12 19 85606
12 25 66494
12 19 44830
11 20 95856
12 25 62456
13 13 84441
13 14 2697
14 13 96193
13 28 14005
13 23 81785
14 36 68591
14 15 39905
14 29 93254
13 38 12465
13 29 38165
14 21 9668
14 21 6543
14 28 6912
13 32 83927
13 38 81908
13 20 49249
14 34 56467
14 19 94698
14 35 32408
14 34 6290
14 25 36040
14 32 82127
14 29 10681
14 16 90278
13 19 21648
13 33 93253
13 31 63188
13 22 90999
13 32 81794
14 30 59401
14 36 55367
13 27 86214
13 31 92663
14 24 31398
14 22 42501
14 30 63798
13 18 27154
14 22 51125
13 35 39412
14 36 5199
14 13 67735
14 21 9392
13 14 38980
13 31 80234
13 34 93130
13 37 40141
13 29 29494
13 15 3200
13 14 88830
14 15 982
14 26 60829
13 35 327
13 14 31436
15 16 84499
16 16 41376
16 15 9004
16 23 36001
15 22 24231
15 21 56300
15 38 56773
15 34 57936
16 31 8021
16 37 11725
15 36 94905
15 29 28019
16 21 26166
16 22 67517
16 36 36475
16 37 3078
15 21 95963
15 19 12624
16 22 37764
15 33 8204
16 35 71122
16 24 31303
16 32 72665
15 27 69462
16 17 73402
16 20 74307
16 15 84040
15 16 86044
16 18 26190
16 27 94517
15 24 62033
15 28 91886
16 25 40044
15 36 97031
15 33 99330
15 33 56729
16 24 180
15 18 53707
16 34 73383
15 30 76639
16 26 5919
15 32 32158
16 18 5574
15 28 3979
15 24 12081
15 15 89197
16 36 47343
16 36 66834
16 23 22337
16 23 78740
16 27 43262
16 29 27886
15 26 84513
17 18 60921
17 18 82183
17 17 85172
17 31 98006
17 23 66237
17 23 3449
18 36 39706
18 28 34653
18 36 66331
17 37 20895
18 26 86285
17 38 96355
17 34 81034
17 26 52805
17 29 138
18 33 64437
17 26 48673
17 33 43060
17 21 55986
17 23 6839
17 20 71481
17 35 70801
18 19 58139
17 26 92299
17 33 79480
18 17 29643
18 32 664
18 24 97100
17 36 49439
18 33 24464
17 36 7636
18 23 54404
18 32 28914
17 33 35783
18 25 3465
17 20 96165
18 30 15366
18 37 1703
17 31 63303
18 27 37613
17 21 40353
17 34 67439
18 17 93529
18 26 54318
17 33 8805
18 37 52426
18 22 92307
17 17 1841
17 35 43377
18 28 84998
17 18 40230
18 24 27952
17 17 83875
20 20 81423
20 19 47504
19 20 96468
19 27 13386
20 24 42331
19 37 29165
20 26 91011
20 30 10845
19 33 20019
19 35 86522
19 24 61652
19 26 63278
19 33 89950
19 20 66891
19 35 22239
20 24 79915
19 32 34086
20 25 39462
19 37 11485
20 19 81006
19 28 89113
19 31 39546
20 30 48480
19 20 44448
19 33 74797
19 28 69298
20 36 96400
20 28 23102
20 25 55547
19 37 94142
20 24 84424
19 20 82831
19 37 85184
20 27 84901
19 37 37851
19 25 11223
19 26 84909
19 24 55631
19 32 66420
20 20 47029
19 20 4475
19 29 47156
19 23 60835
19 25 80298
19 35 16563
20 20 6306
19 38 47493
20 28 73221
19 34 94360
20 26 10860
19 22 51412
20 31 51671
19 29 22343
21 22 85362
22 22 33775
22 21 74767
22 21 18376
22 34 38408
21 24 40749
22 35 11832
22 27 83540
21 29 89420
21 35 56387
22 37 99280
22 33 24394
21 24 2484
22 26 41787
21 27 77243
22 25 93349
22 27 14989
22 27 33120
21 26 80290
22 24 34788
22 22 11580
22 27 93233
21 35 64640
21 23 41681
22 36 25783
21 30 73919
22 27 46706
22 24 86017
21 22 77955
21 31 77020
22 24 2958
21 35 73064
22 33 99576
21 29 64351
21 22 81128
22 30 69466
21 30 93850
22 34 66457
21 37 72726
21 21 55159
21 38 82654
21 32 40196
21 24 96900
22 33 49121
21 34 89795
21 29 25152
22 26 45614
22 24 58944
22 27 10613
21 26 48872
22 27 40158
22 23 4243
21 31 17904
24 23 76824
23 24 68634
23 23 28032
23 30 53628
23 24 6587
24 37 77785
24 35 10281
23 36 50290
24 36 16830
23 25 33488
24 30 58423
23 26 82045
23 36 35703
24 38 69298
23 23 10885
23 28 17152
24 32 60076
23 34 72104
24 28 89897
23 23 94966
24 32 48453
23 37 56869
23 31 85765
24 31 59129
23 28 43713
23 27 19547
24 29 80586
23 27 92721
24 26 60311
23 23 16961
23 36 61430
23 34 5359
23 31 85928
23 37 23627
23 36 72960
24 30 22247
23 24 47576
23 35 15535
24 32 59516
24 30 25186
24 29 92152
24 26 30882
23 28 46651
23 24 95535
24 38 31452
24 33 57758
24 36 12114
24 34 9119
23 37 1634
23 34 98784
23 38 96293
23 38 33098
24 27 87131
25 26 34703
26 26 97830
25 25 74207
26 36 76287
26 26 73147
25 33 45088
26 29 5388
25 35 84364
26 34 40173
26 36 13465
25 33 36437
26 26 65941
26 31 34997
25 31 7395
25 33 76015
26 36 67106
25 25 99937
26 27 4092
25 28 15116
25 30 53334
25 37 40317
26 32 22868
26 37 55307
25 26 37430
26 27 17743
26 37 49373
25 25 29542
25 28 62554
25 33 60959
25 38 39895
26 31 65556
25 28 90320
26 27 44281
25 36 55764
25 25 41842
25 26 43979
25 28 83607
26 31 77809
26 27 86196
25 33 56672
26 35 6
25 33 50912
25 27 66845
25 33 74769
25 34 888
25 29 8629
25 25 26160
25 29 66283
26 28 28747
26 25 27892
25 34 6935
25 29 84356
26 36 27487
27 28 35395
28 28 19819
27 27 75728
28 37 35237
27 32 70736
28 37 89437
28 31 16769
28 33 82226
28 33 29351
28 38 79122
27 36 51435
27 32 15549
28 32 97068
27 28 16387
28 30 71555
28 29 7075
27 35 29443
27 30 40061
28 31 56656
28 36 85456
28 28 88110
27 38 59694
27 38 97141
28 30 91051
27 36 18061
27 31 45830
27 33 88182
28 35 64053
28 32 20636
27 38 78484
27 36 44306
27 32 15813
27 38 72215
28 37 3822
28 34 84689
27 35 33376
27 33 38617
28 37 49047
28 30 39157
28 36 67218
28 37 35191
28 28 45482
28 28 24880
27 28 52175
28 38 82624
28 36 9860
27 34 43780
27 37 11595
28 38 8442
28 37 33820
28 29 50632
27 27 94676
28 27 44217
29 29 54370
29 30 96741
29 29 76937
29 38 61960
30 38 14502
29 36 90546
29 35 41431
29 37 28423
29 31 61897
29 37 71539
29 35 2764
29 36 38902
30 35 68772
30 30 54861
29 34 8640
29 29 46398
30 33 81540
29 34 7398
30 32 38401
29 32 6843
29 33 57483
30 29 42891
30 34 98694
30 32 69785
30 34 66083
29 33 49547
29 38 92972
30 29 5414
30 37 89186
29 35 78964
30 32 14817
30 30 17895
30 37 69994
30 32 46392
30 36 15096
29 35 95053
30 30 60878
30 38 92321
29 31 92941
29 32 44367
29 30 20027
30 34 55397
30 31 60562
30 32 65305
29 30 6924
30 30 6665
29 34 31881
29 34 7976
29 38 26645
29 34 95141
29 35 85005
29 31 68121
29 33 72990
32 31 55835
32 32 45211
31 31 76880
32 36 56575
31 37 50728
32 33 2957
32 38 41315
32 34 5969
32 31 1942
32 35 14588
31 34 8815
31 31 56934
32 35 4633
31 35 89684
32 31 73846
31 32 34820
32 31 92167
32 32 8796
32 38 17902
31 34 74183
31 32 17695
31 36 68901
31 33 44254
31 31 93087
31 32 8635
31 38 58687
31 36 14668
32 36 31867
31 36 48106
32 38 23286
32 32 38062
32 38 6344
31 38 33324
31 38 68464
31 38 61124
31 38 25487
31 35 60937
31 32 54269
31 36 10882
32 33 23539
32 32 89324
31 32 28123
31 32 39224
31 34 56583
32 37 27845
31 38 47373
31 38 19373
32 34 13574
32 35 3039
32 37 41295
31 32 44318
31 35 91814
31 32 51783
34 33 76012
34 33 27312
33 34 44387
33 36 23538
33 36 90220
33 38 67542
33 35 61995
34 37 30496
33 35 56171
34 35 7497
34 35 64512
33 35 70519
34 38 8006
33 38 3505
33 35 37671
33 38 74058
34 38 22940
34 34 24937
34 34 73321
34 35 93568
34 33 64053
34 35 92760
34 33 61438
34 35 10845
33 36 68580
33 38 14423
34 35 37205
34 34 61944
33 38 16290
33 37 61306
33 37 33182
33 34 29678
34 34 27936
34 35 38762
34 33 86543
34 38 53685
33 38 43786
34 37 98725
33 36 51398
33 33 8086
33 38 32237
33 33 44904
34 38 66190
34 37 96713
33 37 78492
33 33 80550
34 34 26173
33 34 15918
33 38 3336
34 38 48805
33 34 10966
34 36 34958
33 36 61973
36 36 57679
35 36 7722
35 35 73014
35 35 79254
35 38 84877
35 37 25543
36 35 20809
36 35 97252
36 35 84957
35 35 18646
35 36 90855
36 36 11312
35 35 23997
36 37 21402
35 37 74078
35 35 62823
36 37 60717
35 35 62699
35 35 1497
35 36 20451
36 38 96152
35 37 16789
36 37 25717
35 36 33989
35 38 90489
35 35 73737
36 37 35609
35 36 83907
35 35 38104
36 37 30574
35 37 54209
36 36 76605
36 35 50808
35 38 53154
36 36 69808
36 35 35376
35 36 99290
36 38 58713
35 38 50250
35 38 37058
36 35 62768
36 37 69132
35 35 90432
36 38 44407
35 38 36839
35 35 84900
36 35 43009
36 36 84159
35 36 49537
35 37 29784
36 37 82303
35 37 20799
35 36 35590
38 38 51485
37 38 40467
37 38 1497
37 38 91295
37 37 62091
38 38 87718
38 37 36101
37 37 53573
38 38 33385
38 37 52659
37 38 16420
38 38 17364
38 38 5671
38 37 64423
37 37 3107
37 37 14177
37 38 85816
37 37 27785
37 37 46671
37 37 1831
37 37 84003
37 38 84800
38 38 67229
37 37 4852
38 38 30396
38 37 23364
38 38 70586
37 37 53694
38 37 53137
38 38 9601
38 38 50641
37 38 72798
38 37 67661
37 37 94078
37 37 28126
37 37 67465
37 38 27354
38 37 41853
37 37 75667
37 38 59571
37 37 85527
37 38 36346
37 38 79178
38 38 22099
37 37 18721
37 38 7039
37 37 85583
37 38 62505
38 38 61345
38 38 31006
38 38 86860
37 38 4915
38 37 1636
79758202
