39 1673
1 34 53522
25 32 74475
25 32 47257
31 26 85507
6 20 31024
29 6 83628
10 23 36972
39 27 28418
2 14 61987
28 12 84231
14 15 86267
19 32 9718
13 31 74859
18 27 93045
13 22 6020
35 22 53936
32 9 80519
6 18 19100
14 35 68880
15 5 51829
38 5 72299
3 30 17550
25 15 41561
24 8 56393
9 27 86823
8 7 21169
21 16 50526
16 10 7876
26 6 22865
14 28 37715
4 33 82017
7 23 49759
15 5 3448
4 26 85512
8 30 28856
4 9 17624
1 33 26226
3 9 20543
11 18 29687
21 22 49794
32 24 78974
34 36 86168
10 34 1559
18 27 82334
14 4 590
3 31 91312
37 20 43761
7 30 51698
33 6 43512
7 3 94529
11 14 89776
1 31 35790
12 26 40832
10 21 39817
19 32 4987
27 24 18628
22 20 598
23 15 55380
1 6 70491
38 9 65052
5 25 40940
36 35 88761
19 2 57866
39 28 40069
18 23 42611
7 17 10818
28 39 86240
37 1 2444
1 7 30428
3 13 77013
25 15 61220
9 27 44049
31 18 1818
4 23 87284
29 28 25509
21 26 35236
10 18 99290
18 39 35481
22 2 3005
17 31 72168
17 3 74151
3 9 85956
13 32 92172
39 4 4526
11 38 11128
17 7 58319
29 26 60219
1 23 51448
10 28 77828
30 12 41719
9 33 7337
10 32 89790
7 22 29046
8 24 97225
14 32 9772
22 39 21962
33 36 33937
10 22 40953
31 24 11951
19 17 600
24 32 3942
16 14 31535
14 2 21169
32 19 4249
33 29 81070
4 12 13383
27 32 63530
33 38 21976
31 29 99777
38 27 91876
33 8 86875
30 26 15488
39 32 61144
15 10 38212
16 10 45371
3 30 84872
29 36 55458
2 35 40094
4 2 71214
39 4 68412
15 17 38492
25 16 29777
39 5 31603
39 14 58277
33 21 7931
19 17 33193
24 12 83662
32 12 11958
23 7 39358
8 30 92961
30 22 76439
5 6 84402
21 32 26092
20 27 24035
26 17 7396
8 4 97629
15 26 23884
32 30 63602
9 2 20987
13 20 3462
34 37 30131
18 38 76510
27 18 38963
33 3 80555
30 35 27708
7 36 74122
37 18 35986
18 22 39516
36 18 95919
14 35 97933
24 38 19913
9 23 89234
34 34 35290
39 3 9618
25 7 43810
38 39 43855
14 28 69041
8 3 16391
5 8 66275
8 19 22944
28 29 72060
33 14 44645
12 34 88120
4 21 17432
38 33 38087
1 29 55774
12 9 26716
36 31 60807
37 14 27506
14 11 75939
5 23 44508
20 36 58805
17 11 41818
32 39 86234
14 13 25262
10 28 91482
3 8 46309
6 9 91287
6 30 90499
31 17 9082
7 37 9802
24 13 52791
34 5 69423
17 38 97490
29 11 49642
6 36 39804
2 26 78269
19 24 90362
25 18 61141
17 4 9834
16 1 29593
38 5 53130
8 33 73728
19 15 93846
37 36 78435
6 19 59135
27 6 10895
25 33 14248
8 9 20574
16 18 19998
34 20 37778
31 1 17778
15 25 88292
25 12 21153
21 22 58811
15 24 54892
35 6 41101
18 22 49069
33 6 78412
27 21 83854
10 37 22824
29 33 79229
35 34 59967
15 34 21180
4 2 52201
20 35 23339
15 11 12683
9 29 424
26 38 31891
6 36 10468
2 15 1940
18 13 38482
31 17 275
19 24 18
4 3 16792
31 17 42715
10 37 11908
30 9 94404
31 35 38111
39 7 23089
13 2 15735
32 24 36233
10 14 32627
11 16 1417
35 10 5413
5 34 38536
32 28 51708
37 10 34472
1 2 43078
27 28 7260
16 32 39225
20 26 89302
6 17 6859
26 16 72735
31 28 50211
11 13 27580
31 19 83238
32 9 51236
7 18 51258
3 20 71119
6 35 17995
32 35 9019
14 20 14707
31 11 32891
30 35 54091
36 15 99364
39 15 31672
35 19 6999
39 36 21202
14 24 88173
17 26 53826
6 3 16970
34 6 99962
38 15 75569
6 33 30567
23 34 24598
23 20 64138
5 1 59700
2 27 36854
21 36 1260
32 14 5993
10 6 74615
19 18 87444
12 18 60212
14 30 74050
17 23 66587
11 4 5640
32 19 41834
20 36 98241
36 30 52646
11 8 58922
11 32 34111
33 5 45118
35 17 31375
2 28 89894
16 32 97864
18 28 35356
6 22 89147
26 3 59029
30 38 50312
25 25 67183
35 22 65007
35 9 75504
33 26 41509
27 2 22703
21 1 4308
8 39 24189
29 28 36031
31 34 89225
15 22 44952
1 21 465
8 23 86989
10 4 4783
6 2 40773
24 13 40002
27 23 61050
39 13 35946
31 36 34074
4 8 78042
20 16 41556
29 20 16819
11 11 43759
34 27 91929
20 11 2231
33 22 20821
30 7 36748
31 21 71759
8 9 6104
24 3 1361
36 28 98529
38 9 27005
32 9 43412
2 3 23975
26 31 13690
38 25 71848
17 19 78166
32 33 20773
22 15 9207
5 27 38664
35 15 25922
25 34 28239
17 14 1996
29 28 47745
3 34 34998
13 29 21454
29 4 27912
21 21 11813
23 18 89939
9 11 31759
24 12 11873
15 18 76254
13 28 99529
14 9 30665
17 28 68205
14 9 90237
38 20 71943
4 14 80499
25 30 96546
10 1 69984
24 14 16870
22 20 91811
10 35 61824
39 16 53472
30 6 48484
24 34 89019
15 30 16816
16 15 55675
35 27 94148
22 36 69040
6 34 42698
36 24 15233
21 34 41503
39 37 42859
35 34 46777
31 29 77010
25 31 81375
2 14 77016
33 14 67221
2 18 80519
20 23 25441
34 29 924
30 21 92144
33 15 21538
9 13 96110
1 3 16741
11 28 4771
39 32 23496
11 3 1377
35 19 41191
19 7 17708
2 3 96299
24 6 19622
25 26 23255
4 39 57461
20 16 73278
27 37 28412
14 8 18131
18 33 5380
35 1 1783
1 8 17312
16 33 56104
18 19 93101
35 12 19706
36 16 27556
20 24 25185
4 18 89316
34 38 78808
17 34 61118
8 31 88417
39 36 360
2 5 76236
19 39 98333
11 10 80655
36 9 39612
3 30 27948
10 15 56634
1 32 75460
30 11 112
33 1 62049
19 33 13350
20 24 80384
12 12 91049
1 33 26101
38 14 2680
28 2 8520
8 10 71947
26 16 90493
18 16 81057
16 35 85564
26 34 38364
38 39 89825
37 14 36069
26 31 84986
34 13 79835
13 31 75957
28 18 91941
30 33 39046
3 16 44553
33 30 60041
29 23 39282
27 12 50472
39 13 5926
34 39 96299
35 3 88381
16 19 28506
30 31 33666
16 6 7703
15 13 13810
11 33 93869
23 36 26469
30 36 72928
15 25 23397
3 38 39829
23 3 64595
30 17 85074
22 21 46873
1 12 1147
14 3 88836
30 16 55656
14 8 98537
35 29 69062
29 30 7333
18 21 72181
39 24 24281
37 34 98807
18 2 73641
1 4 24423
36 32 96127
2 28 86312
21 25 68188
27 29 93083
33 33 67134
35 13 42804
26 36 50920
25 39 45011
32 18 46123
9 8 69928
19 36 35442
32 12 1560
7 17 95130
23 8 33835
17 27 64381
32 19 40846
39 36 92800
34 27 54341
4 11 41927
12 36 60816
10 7 44193
12 26 64822
25 3 2691
22 32 68018
33 23 51502
31 1 59922
26 20 66018
39 39 66823
23 25 91168
4 35 31476
31 31 41788
15 10 5596
4 7 70712
1 13 98200
12 14 17517
1 18 89906
5 35 63302
19 19 61772
33 16 67208
13 28 98384
15 17 39642
11 17 70826
14 1 79915
1 13 34179
11 12 35268
6 39 45227
8 34 10404
33 6 14199
18 37 6609
29 12 5615
36 11 5517
8 21 39452
29 13 41446
4 20 67810
12 16 58048
25 11 2791
27 9 98414
10 16 98050
34 17 84911
32 19 75196
22 24 56209
15 16 83368
32 14 18294
26 22 68521
28 27 55959
30 33 51584
38 5 37274
27 8 1196
31 17 19932
11 38 77406
31 39 52988
22 37 93892
26 13 26345
26 38 35123
33 4 92991
2 27 94502
15 1 13483
14 37 4101
27 23 9821
11 24 76056
39 2 76678
25 20 1031
24 19 65071
31 6 67262
28 7 8905
13 16 2391
17 12 13384
2 36 63394
17 12 19820
39 37 32021
30 22 30852
34 17 25079
27 27 49044
34 33 22014
5 19 99137
14 33 4292
31 2 67316
8 1 10300
28 6 70471
24 4 40480
29 38 33838
19 37 15342
23 16 99257
1 17 45210
20 13 49740
1 39 27313
23 37 33592
35 26 41117
10 2 16021
35 15 75881
14 34 14361
15 33 40159
9 11 69684
29 9 77461
30 8 30867
25 38 37296
17 5 33962
6 8 29290
12 34 30080
9 23 58697
35 38 77632
8 18 4139
26 17 71620
6 33 38463
17 32 34376
3 5 7780
13 20 62474
38 13 4549
38 21 85947
19 27 91460
18 28 94237
37 18 33241
20 13 62654
9 22 63754
39 15 41271
37 30 81965
35 17 61214
37 6 20022
1 12 60751
15 38 32634
11 34 23519
32 8 3545
19 31 64911
17 18 71920
30 4 60160
19 31 30082
27 37 12096
14 21 1000
12 38 39779
2 18 47112
25 6 86385
8 20 5270
1 38 99407
12 6 60494
30 37 5523
8 16 24419
36 33 61875
32 9 44550
36 8 13853
39 18 44974
21 24 74261
36 31 56758
9 5 80660
17 13 91042
25 25 5985
7 30 5288
15 14 35013
38 33 14481
14 32 66809
24 24 66566
36 22 25699
20 28 83054
38 19 23405
10 11 20809
18 6 99231
15 13 34414
38 23 8520
1 19 66182
22 30 40201
19 35 4837
39 16 28946
4 6 86777
15 17 16383
37 10 54627
4 17 87617
18 13 86018
16 27 15988
39 7 96971
12 28 41079
18 14 55416
5 36 56425
4 5 93782
36 19 16435
1 18 28777
31 22 82622
5 16 10648
14 14 11565
21 28 73996
8 13 58659
3 6 23523
26 7 99001
28 23 98513
16 21 88955
29 20 42139
36 17 47302
6 5 90307
17 38 84671
32 8 59374
39 24 64086
1 13 83968
19 32 17217
39 6 51904
16 29 52125
26 22 30954
20 30 73954
2 29 45472
38 6 53935
34 23 64549
32 11 51149
37 8 17965
6 2 41295
8 1 83352
7 1 86167
27 3 45227
12 8 83942
29 14 32300
20 17 44647
6 3 98146
9 23 6401
9 16 37268
12 7 39038
39 24 75045
38 25 13477
16 4 48234
7 26 62417
32 36 787
37 34 33428
5 26 66777
4 28 75885
34 1 43194
3 22 93117
15 4 76375
4 14 89111
20 2 88556
13 33 1710
7 18 58490
10 33 21746
26 27 80945
30 32 78507
20 1 63886
27 7 28438
14 26 64941
14 37 16505
32 24 16908
31 11 12088
22 25 78089
24 24 26084
3 16 60619
21 33 38730
35 30 18063
15 31 52932
17 10 2770
33 34 3102
24 26 59938
33 27 10911
31 31 96469
31 7 76449
24 1 21400
17 3 14003
2 16 85248
32 15 97544
27 39 67917
4 3 31836
23 22 59877
13 34 44122
10 6 16027
3 15 30473
8 21 13848
18 38 45131
27 8 30872
27 29 94228
12 36 45849
18 23 64178
30 3 24003
39 39 55265
18 4 40883
32 2 1450
34 25 39175
25 4 85511
32 25 66840
2 18 25188
17 23 67495
30 20 30180
9 13 50371
11 14 54388
34 13 58770
34 18 83741
23 11 44882
20 30 71977
17 17 93253
1 39 27646
9 31 74216
37 2 52053
1 14 47237
15 1 64456
4 1 28292
14 16 36100
1 30 27050
14 13 95221
30 1 1540
10 17 91177
5 25 59004
7 28 96026
6 20 1335
18 27 28165
39 36 7694
29 22 55609
36 39 12019
11 4 49980
15 24 51812
20 2 38755
28 11 80196
38 19 38490
2 3 75220
30 22 39900
19 23 89083
26 16 74485
29 32 31539
16 6 87951
33 17 13622
8 19 17570
13 17 12871
19 13 56781
17 29 93833
19 23 52265
3 1 97490
28 3 26207
38 2 31594
32 13 32847
16 28 67480
26 27 25446
39 29 5559
37 39 32609
28 32 75269
8 6 75132
22 5 10382
22 4 23268
4 13 97863
10 13 24952
37 25 59677
22 6 77085
1 7 49348
11 34 61754
25 10 47351
35 34 98106
9 15 25823
37 13 37734
12 16 38989
5 30 49496
20 14 32416
18 38 39841
5 12 63877
18 26 51537
35 10 89395
34 19 90038
32 24 99092
33 28 79196
21 29 33655
27 39 31367
33 21 79717
18 6 89456
10 32 22914
19 15 16978
37 2 33813
10 30 56775
37 10 13017
36 18 78363
13 16 27221
38 22 90009
27 7 13536
39 6 4989
34 25 11521
35 18 46069
15 31 33640
36 8 20380
11 29 98715
2 37 44338
28 23 8817
10 16 89364
7 14 38181
28 25 21504
16 38 49489
3 37 37811
38 33 45437
4 17 49016
7 37 74957
32 5 9655
7 9 28004
37 7 64739
3 15 90347
8 25 26285
3 35 71368
27 26 46652
21 39 30310
8 25 50639
24 21 87562
22 7 79610
7 34 31264
20 25 92394
21 38 90339
11 37 36159
21 12 3790
12 36 21601
22 26 44209
1 25 9344
39 24 58560
19 15 85967
31 3 39745
33 3 99167
37 10 92764
10 17 51661
38 12 74692
17 11 65038
10 36 69512
23 11 9134
15 11 69251
31 8 14060
34 4 20046
14 34 3881
21 10 14788
24 9 99380
31 20 67815
12 38 67410
8 27 47836
29 14 54131
13 19 14612
38 12 35891
14 17 55844
29 14 84603
1 36 41938
12 9 53041
31 9 57539
31 14 91329
13 4 65623
22 2 59757
25 12 59066
8 31 78649
13 30 38483
19 3 75837
1 36 67260
15 32 52089
25 12 24393
28 8 78843
27 28 43428
17 3 88538
24 8 67653
25 33 81736
27 17 4987
4 19 96730
29 2 53885
25 1 4379
31 34 28051
6 18 64914
5 7 2936
6 13 24320
24 11 71795
32 4 18899
39 7 50369
37 25 79491
18 29 34918
36 25 86759
2 38 62129
5 14 79534
31 15 65991
1 29 86552
34 9 86824
28 37 63414
26 17 82777
20 36 20261
12 30 81788
23 10 18829
26 23 10745
13 3 70955
28 5 52726
18 37 53622
31 5 28105
24 21 60817
1 4 22233
36 37 80972
31 21 3587
21 1 35183
13 13 89798
5 37 48627
37 19 33974
7 27 92156
38 38 65213
16 5 7747
20 34 31120
26 1 78612
28 19 48355
25 12 79147
35 11 72689
28 17 21566
24 16 91331
35 10 33797
36 36 17300
25 21 58882
9 29 13845
6 29 60420
38 26 93064
4 21 75213
6 6 49349
23 14 45826
33 29 98662
6 27 37813
14 35 78198
18 2 43361
24 38 8180
17 35 62528
21 18 54480
20 12 51403
16 6 44830
5 5 22764
39 12 55582
4 14 67319
6 2 84491
27 10 43659
2 14 77770
29 21 22605
37 32 67687
8 23 99919
14 11 67192
30 24 42162
20 6 38147
24 6 58960
8 39 13690
20 28 4724
14 1 87558
17 21 80979
17 12 44672
23 13 12418
21 1 69373
6 16 4507
7 17 38039
17 34 5280
2 13 49759
14 6 9746
20 7 26774
5 32 81220
3 26 90783
33 25 62629
22 27 93270
16 13 3575
27 13 9887
38 10 96
35 1 48878
2 37 96773
16 8 30481
17 19 21429
18 10 63347
24 24 46019
20 4 31191
28 4 1798
12 1 49972
3 35 29095
13 16 15801
26 25 42287
25 28 25249
37 6 17455
11 18 62405
23 11 15697
11 26 46694
15 31 89749
1 38 68556
27 35 59330
9 14 89218
34 30 3742
1 23 89377
8 28 4712
15 29 49074
34 24 72315
26 36 67657
25 23 19847
32 17 64875
7 25 85794
8 3 78881
12 31 72164
25 19 17546
32 19 16326
9 2 59943
21 19 99636
20 30 15300
12 25 30347
27 6 57948
36 12 3897
34 12 85873
25 13 22406
4 36 25107
13 26 52270
34 39 86195
23 22 67658
14 26 97088
14 14 95679
13 24 99580
3 31 71350
12 26 25557
33 2 76268
36 9 22233
34 29 71390
4 22 90760
20 22 12384
19 26 44494
1 7 24868
24 5 97084
39 37 9145
27 8 7709
35 31 80907
37 4 53449
22 9 50415
33 36 65027
23 29 10742
28 35 61183
10 3 82335
35 15 93593
12 25 31217
4 28 74706
22 9 99873
27 22 96789
10 36 20114
6 27 64907
24 29 95976
33 1 98106
33 1 80802
19 4 1519
30 8 27944
11 30 63143
4 14 69659
2 15 79092
12 20 97521
22 26 92916
29 6 52554
33 24 41361
34 17 29990
21 29 10325
30 10 6356
16 14 10822
7 29 73181
29 19 12074
22 12 28073
27 28 4292
35 16 19838
8 21 80725
13 4 57610
32 16 10999
7 2 86176
39 4 45797
29 11 60544
18 13 27452
4 19 55737
21 2 48940
6 25 54447
20 5 82862
22 6 20776
26 13 6194
4 13 96433
31 29 50333
31 39 23477
21 4 70215
34 2 80520
22 12 22336
4 6 16117
1 23 77073
6 26 21243
31 19 34155
37 13 23154
4 39 15877
25 18 24670
17 13 46043
26 25 98781
19 35 84906
17 34 69548
28 3 43742
34 9 31060
22 13 95369
16 2 39752
32 2 87863
18 26 48121
19 8 53082
10 32 64563
4 26 35224
31 18 33184
13 1 89502
38 37 35492
8 29 69883
35 13 53314
2 30 26555
26 30 77459
33 39 17947
22 36 51818
39 11 44518
37 6 58081
5 18 78603
18 11 46130
39 9 78991
28 31 21675
20 11 83944
3 20 11734
2 20 1596
36 13 34260
38 25 2256
13 27 18398
18 28 39520
29 38 22458
21 23 23319
14 11 17433
15 15 61391
19 11 82620
8 20 10104
20 16 58156
8 33 1218
1 22 26857
24 14 68916
34 6 37944
14 9 8225
37 23 19854
33 5 79565
33 12 63467
36 19 98412
9 13 44418
7 30 38621
36 26 20655
8 22 43534
26 9 14698
5 1 2034
6 1 17890
19 29 64922
20 37 33803
34 35 68666
10 33 80662
18 24 3189
25 27 67293
18 16 23251
3 25 36578
19 26 10358
30 19 75575
5 26 56284
27 6 37126
22 6 58291
28 27 16698
22 28 99094
29 37 17010
8 13 76570
1 12 96381
33 2 55087
2 36 93114
32 24 24052
13 15 4299
18 5 72625
14 24 53318
16 19 61361
19 7 34762
2 26 91511
15 39 80409
22 30 26377
30 34 45838
38 27 3276
32 37 98202
18 34 21588
3 23 63842
25 30 95704
6 12 15785
32 6 744
19 11 89803
31 38 4028
20 10 81427
9 34 92735
3 34 11099
10 25 65205
8 25 40213
7 5 23014
2 35 64911
37 36 67429
32 15 18869
7 11 87090
25 10 40490
37 23 4772
13 29 37499
22 13 96746
7 27 44416
24 6 86328
21 9 71111
34 5 57622
37 1 87132
16 31 10732
39 33 53828
36 23 46662
22 33 79980
29 21 171
32 31 35560
37 30 39675
22 25 59796
13 23 93197
22 28 64704
13 4 92850
12 25 82844
9 3 22730
4 5 81072
38 4 7584
37 10 51431
4 38 54510
33 12 60762
34 32 5315
34 32 55020
15 38 32114
29 30 59087
1 8 8318
16 2 22970
39 23 67290
36 23 48956
4 33 63502
7 27 98262
27 1 28928
7 1 50225
20 37 59277
3 12 50635
2 15 20419
32 17 90576
20 4 70381
3 11 53519
20 35 93432
6 33 30359
6 11 22326
5 10 51987
5 22 26345
38 30 22613
25 14 95718
21 2 48640
10 1 97577
12 20 65131
26 11 91200
2 2 30953
1 28 8050
4 18 33929
5 32 48137
1 25 57028
24 39 52745
29 33 66905
24 16 54377
3 2 7061
19 8 9049
23 38 92728
33 23 578
38 8 95018
21 28 99096
34 6 73130
33 38 20524
23 4 19120
11 37 94776
14 33 46821
33 21 18767
25 8 10667
29 25 67336
24 2 30114
38 15 18640
28 29 18580
14 30 38718
18 14 43143
23 37 67304
3 3 41741
28 12 68801
9 18 91173
6 12 9993
22 24 92803
35 10 11653
10 3 38042
4 11 92975
28 1 45582
4 11 94696
35 38 63165
2 36 73967
36 38 83486
12 3 17360
39 39 94791
26 18 9908
22 26 28640
9 25 30359
35 1 60361
29 36 54917
5 24 90460
21 26 43146
18 24 89826
5 15 36172
23 17 28357
30 28 15399
14 30 49672
29 32 82168
33 26 76113
34 31 18568
31 2 74196
18 10 56428
17 3 25173
19 14 5580
13 16 96186
31 37 227
15 16 10656
9 5 688
28 9 61698
20 21 10252
8 16 87375
15 11 17299
12 17 43023
36 38 71362
11 28 23478
1 28 29242
24 15 40184
23 39 30729
39 11 76513
9 2 60528
35 7 84475
20 36 37618
6 30 50825
16 33 20063
14 27 27539
35 21 82933
13 20 66141
35 29 91064
20 23 16427
7 3 54407
32 16 95023
37 24 90134
34 33 18788
11 28 76897
36 1 51593
36 24 37968
19 27 73038
11 4 32768
18 3 35496
39 14 32618
33 25 95844
32 39 54688
5 29 53547
19 3 87029
17 36 83665
34 13 52407
12 12 56809
7 35 85230
26 37 96360
31 18 76198
11 24 43101
26 25 26135
13 31 9019
14 12 32635
36 5 83961
35 33 60309
37 31 63184
25 37 53246
24 39 41098
16 4 83385
13 18 40537
26 22 73299
8 32 40172
13 30 29952
12 10 20889
20 20 6624
14 27 69435
3 33 13833
11 23 71948
21 14 2832
30 4 67400
13 35 84563
30 21 50875
26 14 45674
26 16 57090
33 37 15689
29 11 77023
23 15 95515
5 15 74816
3 18 8188
13 8 61517
39 12 95015
28 7 28601
36 24 81865
19 1 52498
3 34 45078
38 39 5466
32 2 38980
15 27 74848
4 15 18036
38 5 27735
2 8 17708
5 4 10137
24 39 6726
17 7 36376
22 28 8162
8 21 76263
35 34 11752
34 36 54071
26 25 80787
19 17 26945
4 28 44730
2 17 52310
29 10 75855
23 27 98721
23 34 72637
18 12 15249
7 7 23590
18 17 87490
28 36 47661
38 25 58425
22 15 7113
11 10 37943
30 1 58044
9 21 22595
21 26 44992
24 39 77333
34 2 98396
27 31 22070
28 14 56536
35 39 20074
16 14 92829
22 16 82885
23 31 81357
1 20 11553
12 8 11004
30 14 58934
19 18 54821
20 7 68304
23 8 95772
33 10 63958
29 10 93122
35 3 7336
26 22 71614
9 25 3810
19 20 15601
36 33 39933
1 8 25417
6 16 36923
31 12 27738
26 28 34629
14 27 45376
35 29 31187
15 38 5946
18 38 30352
16 36 69934
5 20 22701
7 22 64810
11 26 3832
23 28 36629
3 28 15910
26 23 48868
33 8 65447
29 22 30621
7 31 95614
31 35 74316
20 37 74519
32 36 14382
17 10 49151
1 19 51206
6 30 28884
22 33 73646
18 32 21788
10 22 43744
12 21 94171
33 38 40224
30 1 49910
3 18 75236
16 8 95778
15 8 49636
39 10 35072
7 11 55016
28 13 898
24 32 60750
18 11 37296
20 16 97378
1 15 69228
39 20 5739
39 20 78228
4 29 17067
3 15 49152
4 1 51651
2 22 53809
26 15 22348
37 27 41188
5 11 39752
18 39 62123
22 27 84914
17 38 42392
8 4 25537
3 21 54869
13 35 46126
31 38 24183
10 31 70926
4 15 20648
3 21 21102
33 37 81704
9 6 40630
22 8 4816
12 6 86087
32 11 25329
21 1 27068
25 1 64111
30 11 80370
31 1 64356
16 25 72422
30 9 44622
33 21 21662
23 12 59162
21 34 72542
39 18 58826
24 10 23400
23 5 91264
1 17 35420
25 39 21551
1 13 13895
1 16 20742
21 8 26774
17 35 85647
12 29 90506
10 33 67363
3 11 67070
16 23 95992
2 29 97231
28 28 65537
14 36 47878
9 27 55167
9 23 91128
19 29 3864
23 8 10984
27 34 65709
9 20 61927
6 2 67550
24 26 81013
18 21 82322
32 15 89988
29 9 56382
27 31 61578
34 14 72736
3 32 70422
33 11 52192
18 17 96073
9 25 48140
1 33 95768
14 24 57918
20 8 57218
24 28 83161
7 9 76028
24 17 25366
5 21 64325
11 16 1362
22 19 83160
18 5 30676
9 9 34000
6 24 55016
30 28 37317
34 35 45272
3 7 48602
22 6 77667
12 20 4165
32 4 85714
23 5 77264
34 30 34526
24 12 46539
3 9 8390
29 21 6664
29 32 39249
35 33 69487
6 18 65039
19 7 25117
18 24 15456
5 18 52227
34 19 98084
25 22 5884
19 16 56657
35 19 31067
26 25 86931
7 21 89244
4 16 53765
11 39 20339
13 35 67986
1 7 20154
37 2 65639
10 39 38325
11 8 57178
31 16 26907
2 8 39198
4 32 94642
26 15 86268
24 29 47004
14 18 65460
35 12 17096
29 16 41130
5 16 17474
28 32 62551
21 4 67979
14 7 51968
37 11 79652
8 14 35647
15 14 99817
26 31 85502
13 15 48404
2 23 63884
14 37 585
36 16 89095
4 36 95816
35 23 64217
26 33 78355
21 15 36837
38 6 99324
15 27 82227
37 39 35417
13 5 27586
5 17 4305
15 6 59889
10 21 81840
36 12 84956
2 18 51117
416264172
