42 645
7 4 47838
11 12 62007
13 2 28070
9 7 38622
9 14 37760
7 6 38755
8 2 7637
13 14 71720
9 10 67530
7 14 86001
4 1 29367
2 7 7597
5 12 23403
6 9 72213
9 13 43918
12 9 7727
10 8 58381
7 6 46082
6 9 25690
13 10 47133
10 8 33911
1 8 45157
13 2 96358
5 14 49456
11 8 63077
1 8 59841
8 10 106
2 4 85336
7 5 34329
10 14 68153
10 6 41498
3 8 26298
6 9 89050
13 14 96997
2 7 14587
5 12 22617
1 14 92356
6 10 2872
9 14 91437
5 14 96801
14 13 74507
11 2 99046
14 3 99628
7 4 14320
8 14 30209
1 2 87179
11 6 1652
1 13 10124
5 14 44766
1 9 79208
4 9 94238
3 6 13254
2 1 69718
4 14 20006
2 11 72748
13 3 22502
10 9 96024
12 10 42922
5 14 54661
9 4 43587
8 2 70283
12 14 8763
12 7 26997
2 1 2708
14 13 68652
8 1 94101
12 10 75195
9 8 2619
3 3 84291
8 5 7011
14 8 65514
12 8 85494
5 7 97130
9 14 17409
11 13 89448
2 8 11889
14 10 79599
8 2 95138
1 2 36948
3 14 56992
12 11 48742
9 1 51765
3 13 45420
3 6 64120
14 8 3707
6 10 81762
13 3 73530
8 13 81075
14 11 88123
5 3 95334
4 14 72740
7 13 37481
9 8 89215
7 14 28606
13 7 75350
13 7 635
14 5 29776
11 6 7219
8 7 85441
11 8 73643
11 2 25182
13 12 26579
8 8 48716
8 11 72794
14 2 65678
7 2 96109
1 11 88619
14 7 41122
4 2 43990
3 8 75787
7 5 29451
11 1 22001
1 8 80061
7 4 11094
12 5 82339
7 8 30396
14 2 98337
5 10 47216
10 7 47000
6 4 20032
3 13 88503
4 13 74897
6 4 81148
1 7 52266
2 7 27943
5 14 28828
10 8 10192
5 3 26842
4 14 63419
14 12 24764
9 5 92559
7 1 35963
11 5 40605
8 6 83788
5 2 20525
8 9 51290
14 7 33072
14 13 51215
4 11 22849
1 10 48468
11 11 57195
8 10 73569
10 13 43831
14 10 15687
6 8 66209
9 7 49936
14 11 3557
11 14 81551
4 13 95210
3 14 23666
4 7 96184
13 14 33181
1 5 79436
8 10 27000
8 3 57010
9 8 77987
7 1 90491
14 6 34651
6 10 24897
11 6 31939
4 9 29430
7 9 22689
6 11 44268
5 6 93453
3 10 81721
3 38 96781
4 32 28058
12 17 77117
1 7 83088
9 21 43787
3 22 7295
6 35 86310
11 40 60518
5 38 35900
9 32 24069
6 42 89656
13 22 89196
10 41 91126
14 1 23206
13 37 41074
11 5 49590
6 3 37291
1 35 3466
13 30 67259
9 35 48679
3 23 2512
9 20 67876
8 17 68510
11 31 61891
6 38 88868
3 30 19767
7 2 27751
14 13 45739
12 16 79277
2 37 54511
14 21 77755
1 25 71158
2 37 27573
4 12 96965
4 17 76581
1 3 27555
10 29 81788
3 8 34614
6 36 41201
8 25 47551
1 4 90639
4 20 96421
2 12 89342
13 3 2432
11 26 43214
5 14 27376
14 14 39520
13 24 18301
9 11 91866
10 4 8756
27 18 18607
17 24 47059
28 23 66408
17 23 8302
26 22 94430
25 22 43736
16 19 42891
26 17 53353
22 22 5202
18 17 91121
22 24 53430
26 18 29864
25 15 38101
19 28 93743
19 28 80305
28 20 17463
17 24 47817
21 18 51014
21 25 58708
16 19 79440
15 27 8201
16 20 12276
19 22 62947
26 17 46320
17 22 5876
28 27 58593
26 15 61831
22 23 20025
28 21 55572
28 22 71744
17 16 88869
28 28 97978
18 20 10398
24 20 96659
16 19 52303
21 24 60758
20 28 30602
18 19 71225
27 15 36261
18 23 83021
16 26 61559
15 27 86927
16 24 17477
22 19 15376
27 19 55849
23 21 55236
28 25 42022
16 25 44797
21 15 55186
26 21 87933
22 18 73397
15 15 72865
17 19 25849
16 24 54750
22 18 37114
19 15 54759
17 27 15931
28 17 58752
24 16 47522
26 22 17403
26 24 74330
25 28 68817
20 27 10159
26 28 22537
21 19 39844
25 21 69364
18 16 47322
15 15 59714
15 25 74080
20 18 30155
28 17 95776
21 22 45352
23 23 74087
21 23 63557
17 24 73728
16 23 66939
18 19 59694
21 21 23064
27 24 9141
20 26 46371
22 20 86524
21 16 5193
27 16 63424
16 15 3130
23 15 88438
26 25 47023
26 22 73254
16 16 76619
22 21 2922
22 23 63728
20 16 68958
22 25 17480
20 26 79466
24 27 44338
16 19 10394
22 28 80055
21 17 14485
21 21 19822
24 16 10663
16 20 42406
21 27 96615
21 17 35186
28 23 94252
21 20 46431
23 17 83477
28 15 96912
19 28 59369
16 23 88573
19 26 65032
22 17 28423
18 18 84219
21 15 1520
16 23 99654
25 23 49598
25 22 33898
18 26 48991
24 17 36842
23 27 1522
16 20 88326
26 19 9353
25 15 65232
25 15 64712
28 15 22309
19 15 49283
20 19 46113
19 18 67982
15 23 26303
20 25 86048
18 20 11153
23 23 55917
19 26 60897
20 21 6236
27 19 18338
15 26 75586
25 21 89253
16 28 49857
20 19 72348
23 27 57707
28 25 29918
25 23 81743
23 23 24680
21 22 3855
19 17 17430
16 15 57030
20 20 74767
26 18 49659
26 28 50031
28 28 44242
19 18 96205
25 19 54062
27 19 42588
28 25 98115
21 21 11874
26 17 66801
17 17 88434
25 21 74777
25 28 38338
18 26 50172
26 18 66402
18 17 54293
20 21 13375
19 20 76954
24 25 8685
23 23 79765
26 21 10787
27 42 96686
22 29 41352
20 26 33893
16 33 32943
23 22 87821
28 38 63151
24 35 47151
15 33 85972
24 38 14326
22 17 46090
18 17 47649
16 16 41468
23 15 77680
26 39 67477
23 40 93635
22 24 740
17 38 20490
15 19 5921
17 38 32491
24 35 73634
15 17 73776
17 20 22701
18 25 81808
17 29 24938
24 27 34330
21 21 35700
15 15 65532
26 23 38357
19 17 22152
16 23 35931
15 27 55191
25 33 48078
25 36 67967
26 38 96630
25 41 66198
17 32 87898
17 41 80817
23 21 24932
19 16 59234
20 26 7948
20 40 45731
19 30 6127
21 28 96708
28 33 8978
26 16 1477
21 33 90487
28 34 4300
18 34 44231
17 36 48390
23 36 72681
34 29 44092
41 29 25835
31 34 96736
42 38 36278
34 38 13281
30 42 27157
33 36 53802
32 36 77109
40 41 5196
40 37 30711
40 36 44858
29 30 88060
38 31 13184
29 42 75025
36 38 54857
42 34 78663
35 32 9176
34 32 84473
33 30 2572
39 37 74136
30 33 18420
36 34 58087
30 34 22899
36 31 98927
33 32 4315
39 38 75335
31 31 16537
30 35 85778
29 40 95186
37 38 64779
29 41 64323
37 39 97866
32 37 58753
41 30 64067
42 36 25942
42 38 95055
33 40 25849
41 35 29082
38 29 36888
37 29 15611
40 29 82642
39 30 26354
39 31 83716
30 41 81949
42 29 90120
38 40 65979
42 36 75610
40 41 73065
34 36 51071
34 40 2326
37 42 40121
35 30 37255
33 33 28059
39 38 46673
37 36 52716
30 39 46557
38 31 21099
39 33 99726
33 40 63345
35 40 19055
30 38 40744
41 42 22575
40 31 8767
36 29 56792
31 33 61284
40 42 22206
33 39 96691
34 36 65449
39 31 9486
32 39 32034
33 39 17073
39 40 37321
29 41 37048
34 32 19239
41 40 76985
29 32 91315
31 30 39436
41 37 48797
40 37 68490
30 29 72763
34 31 20239
42 33 79125
38 33 63798
29 31 21816
34 40 58446
35 40 56182
42 38 88725
36 41 22024
38 33 16255
37 41 11578
41 36 54105
29 37 40383
38 32 27046
38 40 55956
38 38 25250
31 31 66745
29 31 27093
33 33 91381
36 29 81982
32 36 53928
31 40 40397
40 42 45885
29 33 65930
36 30 50199
38 41 93666
37 42 59590
33 40 27951
39 35 3000
38 37 28071
39 37 24959
34 37 76492
29 39 96893
39 35 85766
29 29 3770
34 33 87589
39 35 69630
40 35 82531
37 29 10268
32 41 68925
42 36 28097
32 42 33020
34 31 63757
34 34 73998
34 34 60602
41 40 72161
35 35 74510
39 29 37923
39 38 13530
40 39 15208
33 31 34411
33 39 53759
31 39 68872
30 35 19699
35 32 38125
29 37 27501
30 40 24451
30 41 55289
39 35 61872
32 40 40972
40 33 40882
31 36 51955
36 42 75027
32 42 14862
33 35 78379
41 40 83510
33 34 54771
37 36 98990
37 39 2495
37 29 51650
31 37 15933
38 40 23650
30 41 90681
42 35 65946
41 41 56915
40 38 24462
32 41 21296
30 29 67242
34 41 58258
32 32 3685
40 40 73256
39 41 15833
38 40 52896
42 32 13286
32 29 7972
30 37 61613
41 31 45026
35 35 61193
35 34 31059
33 29 78450
36 42 22481
40 29 5450
41 39 37134
34 41 29131
35 38 26165
40 33 15206
38 41 7801
39 32 46202
40 30 79663
36 29 93706
39 42 52217
41 29 29900
30 40 70915
39 37 8464
35 33 19624
42 36 69921
37 30 22913
41 40 51508
40 35 89770
38 42 6643
37 34 66345
41 31 64077
41 31 90278
31 35 81799
29 29 64199
30 29 75774
31 32 90981
40 31 28604
35 29 38314
38 29 8168
35 40 25194
33 33 51340
38 32 47886
39 32 92851
32 37 87953
41 42 44382
30 36 69928
42 31 53951
35 39 61198
30 37 693
42 41 31685
29 42 5092
41 37 15911
42 42 59759
40 34 44997
37 35 10815
398404413
