39 1053
1 1 88779
1 9 40861
1 29 15094
1 15 28654
1 24 31032
1 19 55562
1 15 91567
1 2 53350
1 21 70434
1 29 87168
1 11 39276
1 10 69890
1 4 58288
1 4 60810
1 1 5326
1 3 38147
1 8 95422
1 2 59814
1 31 67671
1 13 51902
1 9 41428
1 35 89337
1 32 68780
1 35 58150
1 20 35239
1 21 13834
1 29 85616
2 2 84743
2 15 31399
2 37 95293
2 7 69267
2 6 44106
2 23 44463
2 34 48166
2 23 2315
2 8 68813
2 24 41874
2 37 80499
2 32 90051
2 8 68781
2 37 7536
2 24 93860
2 2 25302
2 30 81014
2 11 35543
2 15 24246
2 36 85859
2 27 14466
2 37 50527
2 32 28552
2 30 77679
2 15 40606
2 14 36218
2 5 41734
3 3 6047
3 23 59053
3 7 92167
3 37 78015
3 37 12737
3 30 33979
3 37 88401
3 29 87792
3 29 64441
3 16 73635
3 10 93985
3 31 44726
3 32 73246
3 21 65771
3 9 99497
3 27 85390
3 29 47485
3 16 46693
3 38 84983
3 7 19239
3 28 73196
3 8 60555
3 29 22704
3 6 40439
3 7 663
3 6 86231
3 4 9960
4 4 85322
4 23 44494
4 19 64812
4 21 24055
4 7 29102
4 13 14296
4 21 97689
4 18 53086
4 36 10964
4 9 97127
4 37 54419
4 33 69847
4 32 47127
4 35 23007
4 33 24604
4 13 4576
4 36 71103
4 32 50468
4 29 81440
4 22 42724
4 30 57416
4 6 1694
4 11 68917
4 30 4828
4 10 34777
4 37 49625
4 25 3469
5 5 39986
5 39 5177
5 20 62476
5 29 24686
5 34 59528
5 20 79904
5 29 67792
5 39 68828
5 11 14705
5 39 66099
5 16 20140
5 17 93347
5 37 73424
5 33 31507
5 26 190
5 22 52060
5 11 58501
5 33 69155
5 20 28709
5 8 39568
5 17 86497
5 26 62445
5 11 73561
5 37 55779
5 28 5381
5 8 11592
5 25 80536
6 6 61570
6 31 24589
6 12 54347
6 38 24433
6 23 89193
6 27 28513
6 35 15175
6 13 11085
6 24 14758
6 33 89224
6 24 96846
6 28 55536
6 34 9495
6 38 76810
6 28 96103
6 23 44960
6 15 43916
6 8 91562
6 21 98685
6 39 2327
6 14 44290
6 20 92831
6 8 71161
6 20 31847
6 29 82338
6 35 23573
6 21 10971
7 7 51970
7 19 27212
7 38 16295
7 28 36939
7 27 34225
7 35 98143
7 33 31814
7 16 28095
7 26 5777
7 21 15639
7 24 51319
7 18 90332
7 8 46491
7 16 36571
7 30 51281
7 34 73431
7 12 4624
7 19 45913
7 8 27553
7 25 98297
7 17 65688
7 35 25312
7 12 29263
7 8 21823
7 33 13895
7 31 76735
7 9 10302
8 8 41007
8 20 87845
8 9 97015
8 26 66636
8 22 17990
8 21 91130
8 14 48762
8 20 34496
8 21 33591
8 37 27019
8 30 12945
8 23 93671
8 16 90627
8 10 55180
8 15 88816
8 14 72694
8 8 33611
8 14 41097
8 37 38652
8 8 61080
8 12 79400
8 21 45021
8 19 75640
8 17 36765
8 30 24810
8 8 50384
8 30 53707
9 9 48410
9 24 44471
9 23 27955
9 20 3329
9 29 15144
9 36 1196
9 15 5311
9 26 38292
9 23 67471
9 24 22813
9 14 30680
9 22 25109
9 16 40890
9 35 62700
9 16 90245
9 24 80590
9 33 45774
9 32 16325
9 34 29425
9 35 64253
9 10 26418
9 38 78439
9 10 23834
9 19 78684
9 34 6422
9 22 49101
9 11 61570
10 10 98422
10 23 37687
10 22 4295
10 26 5646
10 12 9064
10 32 96802
10 19 98174
10 10 63576
10 37 58187
10 10 56730
10 14 14918
10 12 78075
10 24 62913
10 13 14548
10 23 97589
10 13 27496
10 15 86372
10 23 96002
10 12 40157
10 17 38065
10 38 71425
10 12 58476
10 11 50332
10 36 97209
10 39 95108
10 24 77164
10 16 58098
11 11 98527
11 24 78787
11 38 56274
11 11 5229
11 21 28052
11 19 31676
11 11 4684
11 21 12167
11 21 40657
11 23 6457
11 25 87215
11 33 48849
11 31 17734
11 32 91522
11 12 91060
11 26 30560
11 15 23524
11 30 47875
11 20 65327
11 26 27237
11 17 2012
11 25 27607
11 33 26714
11 21 21980
11 19 53894
11 15 34945
11 16 70268
12 12 57328
12 16 92588
12 21 1234
12 21 95537
12 33 72650
12 31 72465
12 15 57906
12 25 67549
12 15 39403
12 33 94193
12 19 96718
12 20 84623
12 34 65343
12 28 34058
12 15 58159
12 39 7004
12 38 79714
12 34 98274
12 29 88379
12 30 66308
12 37 86466
12 37 81360
12 28 43385
12 20 56142
12 34 81916
12 33 51494
12 22 82680
13 13 5001
13 33 54881
13 21 81406
13 35 46948
13 17 46566
13 32 72339
13 28 73194
13 38 40845
13 21 16247
13 31 90367
13 33 68077
13 37 74631
13 29 10454
13 15 1868
13 28 52891
13 22 76403
13 22 71730
13 27 20103
13 26 89450
13 15 75652
13 39 58638
13 34 18593
13 22 40091
13 36 30086
13 28 89480
13 38 7360
13 31 92058
14 14 34172
14 31 886
14 35 74034
14 32 5842
14 33 57953
14 38 67961
14 15 84794
14 36 61864
14 22 6757
14 33 86712
14 23 80273
14 15 47206
14 28 61177
14 37 12636
14 24 42978
14 36 15322
14 18 62045
14 26 74769
14 35 18558
14 21 58855
14 35 87030
14 31 18406
14 14 15250
14 29 56449
14 16 35447
14 33 18514
14 29 36541
15 15 42906
15 23 54151
15 32 30962
15 24 13882
15 23 22287
15 25 68287
15 34 17244
15 28 11797
15 27 13533
15 28 19228
15 33 77088
15 35 62461
15 17 72224
15 22 62367
15 35 84257
15 29 71661
15 39 92778
15 31 9407
15 30 78803
15 25 92862
15 34 73994
15 31 37366
15 24 85148
15 15 19992
15 17 52173
15 21 27644
15 19 22740
16 16 49777
16 24 44794
16 17 78556
16 32 83107
16 38 25469
16 36 25467
16 31 45802
16 29 23680
16 30 9137
16 27 11615
16 33 33379
16 32 86076
16 32 44991
16 23 94537
16 30 58005
16 27 84829
16 34 89393
16 38 96837
16 35 53376
16 37 1314
16 28 2248
16 30 15863
16 37 6292
16 24 53176
16 26 90364
16 29 81616
16 33 69734
17 17 57015
17 21 73452
17 34 57072
17 39 90792
17 33 94197
17 28 37088
17 34 91106
17 36 82795
17 20 47086
17 39 31454
17 38 67917
17 17 12536
17 35 50250
17 25 76610
17 37 97425
17 30 32289
17 22 68662
17 31 89406
17 35 88589
17 34 97884
17 24 69052
17 20 96728
17 26 20172
17 24 12625
17 35 52587
17 26 72575
17 22 97842
18 18 53490
18 18 59071
18 20 67142
18 36 66832
18 23 93202
18 31 47101
18 18 34701
18 32 5379
18 30 73328
18 36 5646
18 24 47657
18 29 34818
18 20 9802
18 37 23208
18 24 46869
18 26 69784
18 33 78499
18 33 46083
18 35 66850
18 25 77596
18 36 339
18 32 26445
18 37 37470
18 27 24199
18 31 22083
18 36 28637
18 31 6352
19 19 85731
19 19 96975
19 25 3517
19 27 75769
19 24 23972
19 38 63382
19 28 14629
19 32 96648
19 38 28737
19 39 82942
19 35 18338
19 22 84729
19 29 4844
19 33 31351
19 32 27821
19 23 41230
19 20 17680
19 22 62719
19 24 62976
19 23 66782
19 22 68026
19 39 49718
19 29 21536
19 27 29124
19 35 21955
19 27 41313
19 29 30251
20 20 53797
20 29 77698
20 22 45572
20 30 79431
20 25 99076
20 27 20959
20 34 86602
20 31 24964
20 39 95816
20 30 44474
20 39 22206
20 31 91113
20 21 37539
20 28 63784
20 24 14403
20 27 20341
20 31 11911
20 22 59847
20 22 52652
20 27 7977
20 36 45950
20 30 23170
20 21 37535
20 27 66074
20 34 90679
20 38 99897
20 33 28892
21 21 83772
21 35 47942
21 21 51777
21 30 65106
21 35 94707
21 29 40455
21 24 35771
21 24 59049
21 30 10283
21 29 70216
21 26 98159
21 39 78975
21 37 99758
21 35 22407
21 26 19510
21 31 57912
21 31 46799
21 23 15323
21 25 48540
21 32 89817
21 35 12917
21 26 77582
21 27 8719
21 24 81196
21 28 49745
21 22 36662
21 24 78711
22 22 74407
22 24 89706
22 32 53033
22 27 37400
22 29 91494
22 31 35822
22 31 10330
22 33 7505
22 35 28625
22 22 94998
22 26 30964
22 34 10853
22 34 28273
22 37 2774
22 30 86361
22 37 70261
22 30 21003
22 37 94083
22 35 83375
22 34 64894
22 35 84692
22 26 22337
22 33 33855
22 28 40948
22 39 86950
22 31 24206
22 32 32422
23 23 53702
23 26 96577
23 23 46396
23 28 90195
23 36 65994
23 29 43722
23 23 19396
23 34 61144
23 25 26611
23 27 17890
23 23 52294
23 32 5155
23 30 24267
23 27 24678
23 37 47244
23 33 4703
23 23 44949
23 23 32815
23 26 88839
23 24 26350
23 38 96638
23 38 86094
23 31 8868
23 31 3963
23 29 76609
23 39 20376
23 25 18658
24 24 5252
24 25 96845
24 29 45050
24 39 70391
24 24 91538
24 39 40222
24 34 42430
24 27 20942
24 39 63836
24 31 33751
24 36 63501
24 28 95078
24 29 71094
24 27 80433
24 29 93146
24 24 93569
24 36 35199
24 32 96017
24 25 8760
24 30 77092
24 39 65619
24 28 69432
24 24 27124
24 39 40151
24 39 991
24 29 12690
24 26 3215
25 25 87722
25 30 71448
25 30 73872
25 31 50959
25 37 79933
25 26 72429
25 32 18645
25 32 63136
25 33 92311
25 39 8683
25 29 77585
25 27 58336
25 25 73718
25 37 29169
25 37 66218
25 39 23475
25 25 82873
25 38 98887
25 32 44090
25 33 55679
25 27 34509
25 30 30676
25 30 47837
25 31 12250
25 30 81862
25 34 15844
25 27 85591
26 26 64951
26 33 58145
26 33 55193
26 28 54989
26 32 97725
26 27 82069
26 33 68433
26 36 23344
26 31 60427
26 27 24629
26 38 48039
26 33 78021
26 29 41388
26 27 61923
26 37 92825
26 27 60495
26 26 41592
26 26 11360
26 27 8027
26 31 55381
26 34 73639
26 38 87364
26 34 8373
26 28 31483
26 32 31415
26 30 90282
26 34 16845
27 27 20885
27 37 48663
27 32 41869
27 35 88094
27 29 78340
27 37 34433
27 30 64212
27 34 4857
27 32 17567
27 39 65221
27 39 38789
27 29 97908
27 34 56427
27 36 74635
27 31 16500
27 27 92432
27 32 35941
27 31 55981
27 32 65892
27 32 14532
27 32 35536
27 36 86591
27 39 72196
27 29 30591
27 30 18371
27 30 44736
27 38 91446
28 28 55193
28 31 15412
28 39 67393
28 29 37459
28 36 10165
28 29 98883
28 30 70658
28 36 46695
28 39 36296
28 28 39078
28 33 68036
28 33 4247
28 38 92991
28 33 30598
28 35 71489
28 38 5712
28 38 18666
28 38 46792
28 28 85650
28 39 90126
28 28 30436
28 33 32130
28 38 33501
28 30 39569
28 34 38273
28 37 71529
28 35 21498
29 29 21296
29 35 84244
29 34 74151
29 29 56702
29 35 99640
29 37 43933
29 35 50006
29 39 24270
29 30 82479
29 33 73283
29 30 67943
29 37 20237
29 33 14423
29 35 48474
29 30 44849
29 38 41679
29 36 93559
29 32 2976
29 31 10981
29 32 98809
29 36 90952
29 29 4567
29 35 60133
29 35 53901
29 38 93967
29 31 18681
29 32 48627
30 30 61531
30 37 78274
30 36 71459
30 30 24938
30 32 91318
30 37 37312
30 30 34510
30 30 37191
30 35 86197
30 35 65851
30 36 19526
30 35 98722
30 38 80335
30 36 37339
30 37 89176
30 30 89898
30 37 34488
30 36 76742
30 35 55735
30 38 22114
30 37 40344
30 35 18491
30 36 83277
30 38 74844
30 30 83055
30 39 85135
30 32 73065
31 31 93898
31 38 51996
31 35 84719
31 38 30524
31 37 39233
31 35 58622
31 33 46603
31 33 31775
31 36 69828
31 34 33590
31 31 30498
31 31 62829
31 35 33261
31 36 51130
31 38 13239
31 33 17146
31 31 14557
31 39 27790
31 34 33233
31 36 62298
31 37 82585
31 32 99798
31 38 64402
31 32 76118
31 32 54042
31 39 80495
31 32 32699
32 32 31290
32 39 15119
32 32 23188
32 33 6281
32 33 9655
32 36 34135
32 33 62597
32 37 55153
32 39 99649
32 32 28016
32 37 73560
32 32 49455
32 37 74506
32 35 58674
32 35 87899
32 39 15442
32 32 75271
32 38 81918
32 34 70820
32 35 63302
32 39 11181
32 35 87382
32 39 41019
32 34 28058
32 39 62001
32 35 2916
32 38 17745
33 33 65094
33 35 55962
33 34 16256
33 38 63888
33 39 55136
33 36 67094
33 38 93482
33 37 54280
33 34 42785
33 35 72451
33 39 40282
33 39 93569
33 34 72380
33 36 1513
33 33 22500
33 33 88772
33 39 95248
33 34 77351
33 38 93905
33 36 3320
33 38 53164
33 34 29478
33 36 54072
33 37 75574
33 35 73145
33 36 80539
33 38 42585
34 34 52847
34 35 28109
34 37 33692
34 37 34189
34 34 8358
34 38 32820
34 35 17084
34 38 83768
34 37 82143
34 34 8007
34 35 78332
34 34 75315
34 35 31129
34 39 72078
34 35 78848
34 38 48123
34 37 60118
34 34 66419
34 36 13006
34 34 4466
34 39 97128
34 36 81207
34 34 75068
34 36 8279
34 39 14424
34 36 89445
34 39 96829
35 35 94759
35 38 92597
35 36 53463
35 37 38417
35 37 92640
35 38 1443
35 38 99859
35 38 61649
35 37 40067
35 36 44998
35 37 18858
35 37 17163
35 37 8695
35 36 84945
35 39 8821
35 35 38585
35 35 34533
35 38 93187
35 39 56545
35 39 12442
35 35 36124
35 35 22859
35 37 26726
35 38 51715
35 35 37801
35 36 46914
35 38 81511
36 36 35350
36 39 65808
36 39 65451
36 36 70069
36 37 29871
36 38 81749
36 37 93087
36 39 77968
36 39 16852
36 36 81536
36 39 78707
36 39 77376
36 38 78216
36 37 16093
36 39 61012
36 36 97262
36 39 15713
36 38 50004
36 36 23815
36 39 53446
36 37 67607
36 37 64627
36 38 26211
36 38 46435
36 38 14819
36 36 13160
36 39 47192
37 37 39808
37 38 43678
37 37 42242
37 37 5254
37 38 60149
37 39 56898
37 38 75651
37 39 63457
37 37 81370
37 37 53908
37 38 39088
37 37 79165
37 39 49710
37 37 97817
37 37 48997
37 37 66713
37 39 68510
37 38 38380
37 39 26223
37 38 92201
37 37 36265
37 37 51322
37 37 52228
37 38 62234
37 37 83508
37 38 38988
37 37 49132
38 38 81127
38 39 48588
38 39 83430
38 39 96277
38 39 8452
38 39 27857
38 39 50528
38 39 99623
38 39 4719
38 38 6028
38 38 40495
38 38 29757
38 38 43520
38 39 56180
38 39 49357
38 39 38516
38 38 17933
38 38 25051
38 39 22577
38 38 84713
38 39 52476
38 38 92354
38 39 52360
38 39 60058
38 38 48261
38 39 25799
38 39 33161
39 39 65446
39 39 23041
39 39 38042
39 39 18781
39 39 71442
39 39 48906
39 39 58252
39 39 96350
39 39 51461
39 39 42830
39 39 69971
39 39 8656
39 39 21613
39 39 48482
39 39 1810
39 39 23692
39 39 51115
39 39 97145
39 39 79826
39 39 20951
39 39 92866
39 39 13011
39 39 73146
39 39 43006
39 39 6612
39 39 73544
39 39 57167
273368106
