29 174
1 1 66275
1 16 58063
1 16 6129
1 7 57968
1 3 66874
1 9 60598
2 2 11099
2 13 30034
2 15 42398
2 12 68199
2 19 62522
2 29 84428
3 3 9666
3 25 76063
3 27 34155
3 12 33376
3 9 9034
3 5 81261
4 4 52441
4 13 25985
4 18 39393
4 23 11430
4 29 9515
4 22 85969
5 5 93160
5 7 56292
5 10 35987
5 6 43970
5 13 88726
5 19 24116
6 6 35126
6 20 53350
6 23 76452
6 8 43519
6 28 36130
6 9 81140
7 7 19149
7 13 35989
7 15 36082
7 24 50738
7 29 45828
7 24 36047
8 8 19177
8 25 37919
8 16 49177
8 19 88601
8 15 8798
8 19 11757
9 9 2277
9 28 73849
9 18 85326
9 17 58731
9 26 43320
9 20 20018
10 10 50294
10 25 60973
10 27 58249
10 20 56887
10 21 29015
10 22 16046
11 11 85070
11 29 22913
11 16 61286
11 12 92346
11 13 41583
11 26 91769
12 12 21057
12 12 10177
12 27 70423
12 22 75101
12 16 87245
12 26 19869
13 13 34545
13 25 10270
13 20 30027
13 21 51635
13 24 56475
13 24 57786
14 14 89495
14 23 72547
14 23 82476
14 17 7941
14 22 44445
14 26 82352
15 15 84462
15 22 67080
15 26 25106
15 15 96731
15 18 40258
15 27 42103
16 16 33848
16 29 66127
16 25 56330
16 29 16501
16 18 98358
16 19 55
17 17 8549
17 20 46489
17 28 25056
17 27 85499
17 27 37913
17 28 84224
18 18 16427
18 20 180
18 22 90925
18 20 68704
18 18 62604
18 19 39156
19 19 78677
19 19 14329
19 26 13588
19 28 87524
19 21 66460
19 27 86975
20 20 78256
20 22 8392
20 24 30834
20 25 67270
20 25 52050
20 29 6749
21 21 83725
21 29 43832
21 22 73375
21 22 42638
21 28 9182
21 23 19779
22 22 31472
22 28 73270
22 22 56283
22 25 81471
22 23 32222
22 29 10350
23 23 19676
23 29 41488
23 25 35712
23 24 56153
23 25 32524
23 25 92639
24 24 67418
24 25 27331
24 27 94420
24 24 65711
24 24 25298
24 25 26280
25 25 48823
25 29 56753
25 27 5381
25 26 87138
25 25 23015
25 26 51727
26 26 56215
26 27 94699
26 29 69993
26 28 69132
26 29 34273
26 29 82122
27 27 10090
27 28 18457
27 27 28192
27 29 6616
27 29 11440
27 27 6207
28 28 96789
28 28 9470
28 29 24624
28 28 1149
28 29 31103
28 28 2471
29 29 17369
29 29 10088
29 29 23031
29 29 75314
29 29 38294
29 29 54929
807351255
