17 1369
4 12 83253
10 10 73819
6 15 98511
1 7 16697
16 16 3563
13 1 35533
4 8 3874
15 2 84035
7 4 55642
10 12 97203
15 2 50681
15 16 60203
17 6 58319
9 17 90383
15 14 20368
8 16 13463
11 13 59115
2 1 24335
14 15 93084
16 6 74304
2 14 33926
13 17 7902
13 9 44562
11 17 95027
1 1 93369
4 1 28056
9 3 23009
5 13 11944
3 14 32065
8 3 99942
1 12 21044
9 7 73666
15 8 95132
14 12 37308
8 9 19144
16 12 69009
3 1 46000
10 14 23193
5 10 60371
16 12 4923
11 15 1435
15 12 88541
12 5 21308
7 14 48633
17 17 53235
15 13 31151
17 4 71192
2 6 58810
2 11 21565
14 13 28926
16 11 60174
17 14 88125
2 17 82281
7 5 19868
1 9 48400
8 8 43920
1 15 79787
8 16 36575
16 11 80327
3 11 45012
7 16 78127
7 17 95215
3 14 23191
16 11 10774
3 15 15972
6 3 48031
11 17 25025
11 16 63680
6 5 16040
15 12 14393
8 12 5866
9 1 18374
3 16 56218
13 17 8237
5 4 76019
3 5 69096
8 7 38285
8 15 79435
11 14 77257
17 5 72963
4 12 90582
14 16 83245
11 13 66791
15 7 59091
17 9 13400
14 13 85414
9 2 9621
3 1 72961
14 3 20035
3 11 870
15 17 12573
14 16 91699
4 1 42610
11 5 51115
15 5 22869
9 14 19069
16 7 59745
15 3 9551
17 8 25501
2 16 89027
14 1 63001
8 10 84886
10 2 6990
4 1 73532
7 5 10797
14 3 70634
1 7 8272
13 13 4147
2 8 22068
16 12 63413
17 1 66523
17 1 77526
6 11 37466
9 3 24322
16 17 44647
10 5 22486
12 3 23233
7 12 26155
7 2 67945
6 4 60677
13 16 12138
16 14 94520
8 14 30185
4 6 94209
1 1 66960
3 15 13157
4 3 95822
11 5 1675
16 5 15012
2 7 22811
13 10 11537
10 2 19070
15 7 37054
11 4 98999
4 13 48600
8 13 23986
2 1 664
2 13 46806
5 15 27686
7 12 30223
12 2 6781
4 14 599
14 17 29879
4 1 35629
10 12 68604
11 3 63084
3 13 71475
10 4 48467
11 6 64387
10 1 61611
1 10 16037
6 10 47019
5 3 99929
8 11 39976
2 1 14795
14 14 3425
9 17 82655
5 7 41141
2 11 6065
6 16 25845
4 2 47176
6 2 70413
8 2 65774
4 3 43127
9 13 82088
10 4 59544
9 13 84464
2 13 72979
6 5 89492
2 1 80085
16 6 51355
11 17 78486
6 8 62342
1 1 78996
12 8 53074
16 6 28394
8 11 90224
9 17 31125
9 5 43590
11 17 34155
11 8 1502
7 17 21609
9 5 12691
16 1 41080
6 7 19046
14 17 86583
1 9 73034
5 3 2247
9 3 47832
13 13 52810
8 9 320
11 5 61936
7 15 25724
14 10 25893
1 11 97589
16 6 20396
17 2 53587
5 13 82717
3 9 12945
6 11 43629
15 5 77632
8 11 26589
12 1 20154
10 6 20660
2 5 25510
7 7 63245
7 6 73658
11 13 56400
1 12 98134
14 8 52492
16 2 73445
8 2 20727
14 10 91622
9 13 83687
6 1 21009
13 10 53804
4 6 67928
15 6 13614
17 14 15347
13 6 53932
11 6 8904
14 15 92496
16 7 27444
7 7 47366
7 17 76474
1 9 87999
4 13 3154
9 15 59552
3 17 61495
3 8 97998
16 15 77684
2 5 74139
8 17 35611
4 6 20749
5 7 40047
3 3 79872
1 3 24007
9 7 25783
9 3 62908
14 17 66148
5 14 92475
13 4 40455
5 12 12192
3 5 35502
14 9 89563
3 14 35497
10 14 71590
1 10 55706
15 1 3811
5 14 58291
2 4 59797
10 12 75437
5 14 87181
15 10 24777
11 11 82868
14 9 75584
3 12 58821
4 5 39970
8 6 50491
12 15 23332
12 6 38095
17 14 73058
9 10 93283
8 7 38013
12 12 62624
4 6 65836
2 7 48397
17 7 66490
1 17 25638
14 13 2992
14 12 32764
10 15 1525
7 1 17458
17 7 19290
11 8 97242
12 7 59033
1 8 78289
12 7 62202
17 11 50710
1 10 59586
16 6 63724
7 13 68816
3 1 60872
13 1 35754
15 4 90495
17 16 53125
6 15 78027
9 16 10031
4 11 67985
8 11 33812
16 3 89534
3 2 58128
8 1 30873
12 13 63657
17 2 95987
5 8 89273
15 1 70033
12 15 49490
16 12 5273
14 5 38967
11 8 12414
6 3 76350
15 7 67766
12 7 80269
14 11 26121
5 17 71053
16 15 24817
5 6 17196
14 4 24278
4 4 58884
12 3 13507
2 2 28240
13 3 10486
11 14 82397
15 1 63301
5 14 79253
8 12 49815
17 11 63563
12 11 34795
7 9 23110
11 12 62255
8 9 99574
11 9 87189
14 2 48575
12 4 20394
12 4 88549
7 11 19373
4 12 32672
6 2 89862
9 11 84246
14 11 9762
3 1 89677
2 14 79671
1 10 78586
17 4 81981
3 7 95437
1 10 70067
6 8 7357
15 2 47517
10 12 98283
12 17 57897
7 1 67946
15 3 22165
5 7 7180
13 9 3700
16 4 28276
12 3 80853
16 1 74021
4 8 80874
8 13 93316
14 6 4920
7 6 60146
1 6 15234
5 5 79630
14 13 87386
6 17 97140
14 2 63167
7 12 29383
12 3 95028
2 12 18908
14 14 8293
15 16 73059
15 11 41271
3 10 55754
14 2 60191
3 5 24833
12 8 944
4 10 41863
3 5 14212
9 8 66152
15 8 96872
14 15 95087
5 17 78770
11 4 41510
12 4 9096
5 5 82345
16 10 95753
12 11 55758
13 13 154
5 2 85204
17 8 70786
7 14 24461
5 8 14454
13 3 28351
4 13 93090
10 1 87949
2 1 96146
2 15 28715
15 16 59525
1 11 55608
17 3 78235
17 13 64841
6 13 24164
3 13 99837
4 15 25845
15 13 54937
3 9 73327
13 12 68777
14 10 68585
11 7 67629
4 9 76533
7 11 33500
13 10 30905
3 6 71994
2 17 86151
7 17 28824
14 4 65124
9 4 62820
17 13 52806
10 9 87232
16 11 9491
16 13 73341
13 7 89669
16 14 2581
1 14 33191
6 14 10792
12 9 56794
13 5 94379
1 7 91633
17 14 20204
16 10 46488
12 1 74370
14 2 98656
7 17 98706
17 17 32462
3 5 44963
6 5 27466
4 4 46405
16 14 99118
5 1 83811
8 17 79167
7 7 50529
1 1 92812
16 4 90353
1 8 6688
9 8 57073
16 6 34296
2 17 88661
12 8 52672
7 7 88545
1 10 797
4 11 96208
6 12 52621
2 14 17711
17 15 27267
2 16 80418
14 6 69095
6 5 5354
11 11 89376
15 12 33924
11 5 59216
2 4 55114
4 11 15638
5 6 5420
13 11 36018
15 4 30331
5 7 32822
11 8 25826
13 6 64367
3 8 16620
16 4 77416
4 14 69188
15 12 34218
1 3 99531
5 9 6384
7 5 84333
15 2 77899
5 1 59168
1 1 12832
11 6 26724
8 2 43939
17 14 63035
7 6 96431
4 1 10335
17 11 7581
4 8 64668
11 16 54567
3 17 86523
11 3 87741
3 8 88706
16 6 48163
2 7 41014
10 13 51526
15 5 3146
14 11 55989
10 2 81014
8 13 20791
7 10 46345
11 16 63020
12 4 62344
9 17 50342
1 1 90162
16 13 32002
12 11 81172
11 10 24464
7 11 81243
13 12 82882
6 9 26503
7 15 17388
15 11 9982
17 3 52127
13 13 58047
16 10 84090
14 12 11093
13 2 23181
10 15 39434
15 16 90496
1 7 982
14 12 10426
17 13 18914
14 7 56740
12 10 5262
16 15 42029
7 5 8792
5 12 73515
5 8 24781
5 10 21860
9 14 70813
12 3 59879
15 15 30402
1 7 57473
15 6 67498
11 12 61049
4 17 65577
15 5 19710
14 4 89194
5 4 36763
3 8 71380
14 6 49981
12 7 13151
14 16 64727
12 14 31174
12 10 53667
7 16 94396
15 16 79436
17 9 61523
6 2 12280
1 1 28525
14 5 84386
16 1 52180
8 7 13187
14 14 63719
15 15 15182
7 14 81152
11 14 33640
3 12 73385
12 10 92517
10 11 875
1 13 25742
7 15 31791
15 4 87297
11 11 8388
17 6 30732
8 3 62852
16 13 25323
16 17 76209
16 3 4549
13 2 56997
12 2 86042
17 11 31225
7 7 62150
7 6 72564
1 17 98771
5 10 26442
5 10 45418
7 6 56675
7 17 10619
9 10 54849
14 7 88720
1 7 35852
4 15 92979
2 10 5885
6 11 97303
5 7 38837
16 13 68060
7 2 63182
2 17 66700
10 2 23184
11 3 73302
15 6 87244
5 15 56173
3 14 83131
8 14 39859
13 4 18640
15 6 85978
10 1 19087
5 6 41484
6 16 76044
9 5 56821
8 12 48796
6 13 72222
12 10 9098
15 8 90391
3 2 36805
14 1 35222
15 9 98620
17 10 62207
4 15 12325
2 5 70794
15 15 76026
14 6 42248
12 16 35911
10 5 19513
13 15 60156
8 13 74956
8 13 62586
7 7 5711
1 17 82799
1 13 18197
13 10 33120
2 10 38138
8 3 94257
16 1 20608
16 2 6133
2 9 57858
16 1 7162
6 6 48521
4 9 21524
11 14 18644
4 6 50547
1 14 77245
10 13 60427
7 7 62163
17 17 66818
6 9 36990
5 13 38493
9 16 49179
14 10 91760
8 15 51086
3 5 37727
11 5 28815
15 13 12156
7 2 23360
4 7 47479
7 10 70550
12 8 96826
5 8 22681
6 7 47358
9 9 48247
3 4 45061
14 3 75651
9 17 23942
5 10 51849
14 7 91427
4 12 13290
11 11 69111
12 4 10753
3 7 47833
16 7 24294
14 7 60650
10 5 43017
1 3 52507
14 15 46075
5 13 75498
4 10 96586
2 14 31169
5 4 75261
16 9 32577
12 6 22705
16 11 58229
15 14 1704
16 8 5606
6 9 17416
16 8 35204
16 11 64298
3 4 86639
9 7 84784
1 7 79846
13 2 92984
12 4 18266
15 10 14988
10 17 42594
12 13 39359
2 8 46494
6 7 31872
10 17 36994
15 16 8119
3 16 77299
15 14 47851
6 1 87632
4 9 83347
11 2 47651
8 15 69226
8 1 62871
15 2 97225
12 3 46545
17 9 22017
12 5 70364
4 13 14292
14 2 43117
13 2 17377
4 17 50793
3 8 1683
14 1 97432
7 12 46397
17 9 9711
4 6 25047
12 9 44811
6 10 86846
2 16 78621
3 12 50965
14 17 56804
6 12 18894
11 1 94564
1 6 49637
7 10 90994
11 4 83317
14 17 32525
6 1 76528
10 5 47753
4 1 73991
6 11 16843
17 1 68349
4 13 54937
1 6 36614
15 14 76586
2 3 17387
11 1 1179
13 17 47713
8 7 95510
15 9 88694
11 3 35056
9 8 71852
15 3 39712
8 13 16981
4 10 40821
2 8 40807
9 9 25512
17 17 64332
1 4 91773
13 14 66117
13 15 16351
9 5 35938
13 2 69493
16 3 86003
1 10 10637
2 3 39073
6 7 21309
7 10 59028
11 13 2494
8 5 30347
10 10 9254
17 17 50225
3 16 64276
12 14 28077
15 8 81664
2 15 10551
4 9 13442
11 3 70153
3 12 73245
11 5 27600
7 14 87075
4 16 73342
4 2 11003
14 15 24424
2 16 54826
9 17 97272
5 5 71941
7 6 4125
4 17 55447
17 10 35608
6 1 3695
12 15 80533
17 14 43373
15 14 48054
1 9 81537
7 2 99862
6 9 79946
17 5 9769
5 11 34233
8 5 44635
3 12 98880
3 15 89683
6 12 27205
5 6 19507
7 7 17481
4 2 75918
14 2 44271
14 10 48744
6 15 53905
9 1 45136
17 5 58968
3 13 67203
13 3 46349
7 6 23127
15 3 33008
4 15 60577
4 16 52647
2 7 6310
8 15 22911
7 12 6447
1 12 38076
11 14 8067
14 14 16163
13 11 85397
7 1 35496
4 4 59920
17 14 55472
9 6 70960
16 1 85056
11 2 35588
2 12 43765
17 10 68619
3 5 30749
12 6 75782
10 17 53541
6 4 57372
16 17 67961
12 8 73363
2 10 91999
11 4 92541
2 7 99964
7 14 32092
8 9 98111
3 15 55584
14 3 71912
4 4 37695
9 7 69339
7 9 85551
11 15 8446
15 3 77304
3 16 34206
16 3 97669
10 4 85399
4 9 12621
15 1 2208
7 14 87183
10 1 17346
9 5 53220
16 3 34823
8 11 31163
16 13 40929
8 6 89401
3 3 90387
15 5 37369
16 7 18852
13 16 28907
12 1 1626
9 2 47620
17 9 81387
17 13 38500
5 8 47423
7 14 83247
3 15 60967
2 12 20040
6 14 80122
10 10 22272
8 1 61097
5 14 51200
14 8 66260
7 11 21897
4 12 33348
16 7 93286
10 17 92055
4 3 45668
11 11 15564
4 13 12911
14 15 75330
8 8 22351
17 1 10703
15 6 80337
5 8 12752
1 2 53147
1 17 58886
15 3 95329
14 1 75338
8 9 95237
4 9 75208
6 10 51205
5 14 46158
10 4 83003
5 14 92815
16 17 79516
16 14 71977
7 8 3426
13 5 64460
7 4 21384
9 13 75291
15 17 19197
10 4 36457
4 14 47047
15 5 44806
16 7 32037
9 8 16417
9 13 92488
1 10 90848
15 16 99489
4 9 10587
16 6 1294
7 13 17529
9 4 61149
11 17 7841
17 2 50976
1 12 25713
17 13 94832
13 17 35575
3 10 5995
13 8 19896
16 10 9601
12 10 7699
1 14 74581
17 15 48070
11 13 90905
9 8 26899
4 8 53189
8 13 56483
4 6 43214
16 11 92030
3 7 21033
6 9 90898
2 14 27627
14 3 97226
6 7 97637
10 1 22566
16 11 65818
13 13 91748
15 16 98704
2 13 20539
5 7 77526
8 1 99063
2 12 19841
3 7 32331
10 11 36426
15 13 69869
2 6 43782
9 1 72102
12 13 68813
12 12 66936
13 15 4768
3 13 49651
6 12 80922
9 16 49656
15 16 53566
10 13 4433
12 14 84026
1 9 43105
6 4 48384
11 10 36678
7 8 91625
13 7 40144
16 6 50521
10 15 52371
3 13 90096
11 11 95790
5 4 29115
3 7 60453
14 13 33079
3 4 30555
10 11 76671
6 10 79041
1 16 80708
16 12 63885
8 4 6335
10 11 22814
16 5 97439
6 7 50070
15 6 42960
5 7 55914
13 17 36799
5 5 87162
11 13 33005
13 13 3788
2 15 77803
13 10 14450
15 15 83191
15 4 23358
3 7 36068
17 13 5929
12 15 94552
13 9 33739
10 16 52861
4 17 5986
5 6 87134
5 4 9431
5 9 67342
11 4 39144
4 8 11116
13 1 34488
14 5 1201
5 9 58265
15 13 12431
4 5 9638
13 7 30680
8 16 74956
9 16 65269
11 16 94639
9 16 88660
3 17 42241
11 4 99903
3 17 55389
7 6 29041
9 6 32671
16 3 42304
15 13 69356
7 14 97046
4 9 75084
1 9 41857
14 12 23898
15 9 82416
3 17 80111
5 4 95221
4 13 19816
9 4 87618
12 7 98299
17 10 78023
7 15 67251
7 12 20240
1 12 15363
1 17 71510
8 10 32572
10 10 17673
10 5 96602
6 11 18710
4 6 63378
2 9 32988
13 2 46903
15 14 63835
9 12 84073
1 8 53590
7 3 54032
16 12 19803
2 8 16667
9 7 88770
9 3 31061
13 1 71744
8 17 40554
10 9 48712
15 10 68778
3 4 59203
10 3 60951
2 13 45823
16 12 50844
4 16 86501
12 11 8552
1 13 79400
9 10 73226
14 13 89330
2 14 42605
13 4 16734
7 7 45066
13 11 36149
12 4 76268
15 14 57643
12 8 30684
1 17 65284
6 10 86485
1 11 65263
9 14 21794
3 15 52927
15 8 11019
2 1 63561
2 13 5287
4 2 73282
9 16 72445
10 5 41626
8 6 15085
12 11 50136
12 3 3001
12 10 66180
4 6 26566
15 12 8985
4 17 75163
3 15 87094
10 16 69000
14 5 20568
3 16 70615
12 17 25822
17 1 95149
3 11 80310
14 7 45021
6 10 63770
13 16 57877
10 10 93611
9 6 67575
4 1 96484
3 17 1104
9 11 34350
10 8 32753
6 6 90403
16 4 76852
3 14 13134
15 10 57043
9 10 71548
15 15 51385
1 10 33006
7 14 85620
16 17 90095
10 7 61607
14 8 23265
3 7 43020
7 3 41204
6 5 27878
10 14 26937
9 11 67829
12 2 80767
9 5 21333
13 12 74172
7 14 74225
10 9 54922
4 5 22527
12 15 2446
3 10 82932
3 4 64233
16 1 93894
14 10 84951
6 14 60705
8 15 7347
9 11 21029
4 8 901
14 5 951
7 15 94760
3 17 57171
3 17 25736
16 15 68400
4 12 90978
9 8 31577
2 8 35310
7 3 17951
10 10 32945
14 3 55574
11 8 6138
4 5 81910
7 3 83974
13 6 80135
14 2 53651
10 11 795
3 16 15800
6 8 25703
11 15 82124
9 9 50681
1 3 66466
16 13 18737
2 17 23579
5 2 94832
4 15 98878
16 15 30153
1 14 18441
2 16 58864
5 15 83724
1 15 18283
6 6 38094
3 1 97230
4 1 51317
3 4 33429
8 4 68702
8 17 84064
16 11 99537
3 9 42327
14 3 66816
9 16 23703
16 3 9651
3 12 78976
14 6 60231
11 8 35227
7 5 8172
17 9 23339
3 1 2443
11 16 21361
3 1 21252
7 12 51285
12 10 95798
1 14 84888
15 2 98263
11 7 87916
3 16 77020
9 5 5424
17 6 33264
14 5 32090
15 15 9321
5 3 36027
2 14 87003
13 8 2439
11 4 47621
2 4 22517
13 7 7880
14 10 84604
8 3 37683
16 4 88752
10 10 67980
8 1 35653
2 16 76058
9 16 68305
14 9 69838
17 4 24813
8 4 95734
5 15 97057
1 14 41031
12 17 59659
3 7 52225
4 9 12187
13 12 16969
9 14 63789
11 9 66623
16 2 30882
7 6 17466
15 11 35798
8 6 35679
4 12 6775
4 15 49687
12 14 30010
10 4 44542
10 11 83714
5 14 19027
12 17 56911
14 9 15082
4 15 84923
5 10 256
5 17 5687
6 17 92011
15 12 90954
11 17 13938
2 8 42465
6 5 10101
1 10 72002
14 8 67709
13 7 36061
9 10 98795
9 3 49299
1 6 58395
1 3 8024
16 5 65377
1 15 66187
6 16 89264
13 2 95667
2 14 54582
3 9 52363
5 1 36885
15 17 55555
11 15 11180
11 8 64470
15 1 4115
1 1 20549
2 5 72514
9 10 82770
6 8 19657
16 11 56041
13 14 90355
5 7 37147
5 13 90437
11 3 40400
16 3 25695
2 11 25959
10 10 80727
7 5 20906
14 4 76159
15 8 78504
1 17 81480
14 4 69633
7 4 83772
6 7 95939
14 17 44779
4 2 83712
4 9 30616
16 9 86439
17 12 91605
1 1 41339
17 17 61707
6 10 88218
2 16 56297
12 16 38636
8 14 77987
10 7 48757
4 9 8122
2 8 93139
9 9 17850
8 17 140
11 1 89322
15 2 7191
3 12 92967
17 12 38871
11 13 29785
8 13 38908
13 7 63414
12 16 83883
4 3 41160
12 17 29692
14 6 28223
3 5 48639
13 9 57814
11 5 85346
16 11 70472
17 8 22327
1 10 78421
5 9 2939
16 6 30871
5 15 11084
6 6 70296
3 8 77395
1 17 90575
9 8 43047
9 16 28751
15 13 10607
16 12 22519
9 12 90709
10 17 35819
16 6 81476
8 7 21114
14 13 10649
6 3 36589
13 7 17829
15 3 42464
11 8 44169
7 16 47216
6 7 40537
10 17 81516
12 15 62696
11 2 26349
1 2 26451
16 5 78675
7 4 79010
8 2 81255
4 5 59889
7 16 86401
17 1 79456
15 3 41350
2 7 12451
8 10 36152
4 17 63229
8 8 15158
16 15 7822
4 17 27805
8 7 2697
10 14 51876
4 16 91994
13 15 17279
2 15 63370
11 14 55789
3 13 39981
16 6 3568
10 15 43776
5 17 50710
2 17 87625
12 8 13785
15 4 13906
16 11 62381
16 9 81485
11 10 54014
1 8 46249
11 13 79520
7 14 91064
9 7 34916
2 7 45641
8 2 68660
12 2 25782
4 6 94012
1 3 93236
16 3 54437
13 8 44112
11 10 21417
16 5 25850
11 9 35221
12 3 34210
9 12 52551
1 10 74781
6 13 84194
5 13 84118
13 3 19967
8 12 87908
13 12 88023
8 6 45264
3 13 56915
3 17 55436
12 13 99188
12 14 25534
16 8 17631
3 13 53144
2 16 23855
10 14 27538
16 12 23580
268019638
