50
-7059 2489
5596 1479
5445 2489
5400 900
-603 3198
-3304 3848
-7989 486
-9117 960
0 3133
-6119 2926
9500 1829
6876 2961
2166 1552
1440 35
4746 2811
-3681 3832
-2460 2331
314 529
-6693 3281
9177 684
-415 2521
-1455 2345
8800 1323
6332 3601
-7661 75
6390 110
-3455 1002
2906 2488
1369 1571
6823 908
212 271
-4638 3038
3417 551
1761 3460
3877 1556
4863 3048
909 1245
-8240 1062
300 2893
-1234 3929
8724 1382
9824 3645
5811 469
756 3858
-3441 3472
3258 1478
-8451 1813
-4266 2429
-3250 1674
1705 2589
3992
