50
-8579 3280
-5500 24
-1536 3261
-666 27
2111 4457
5683 3462
-1225 263
-261 1285
4618 2848
-6756 1159
-7381 1031
5574 1776
8563 584
3451 779
-2176 2624
-2925 461
-9267 2190
4495 1041
-5988 3829
4036 3384
4850 1698
-7329 1925
-4384 2276
-2755 4204
9841 2600
-7021 1450
4648 1800
-180 2375
9670 3329
-1992 4422
-2985 2166
6051 856
-3203 615
-9259 2402
925 1519
-7107 1080
9452 3024
2046 1830
-7604 799
3997 3542
-762 1801
-3389 270
4623 1745
4434 3228
8293 4196
2926 1552
9672 2017
6910 3645
-532 3644
3534 1101
4505
