50
7944 786
-5310 2621
-9038 1607
-809 1158
3412 3115
5303 748
2337 3727
-6044 504
-3363 543
-5102 3432
8799 2207
-978 2072
8834 4016
8843 1000
9446 3860
7052 1347
5168 3448
6883 3877
-4636 4052
9330 2667
-7427 135
3375 3942
-5666 2158
-8446 145
-930 708
5607 680
-6345 3140
-7864 1545
7390 2771
-146 1779
-8931 2539
9750 1337
8765 2852
-1921 3063
-3547 2104
4406 595
-5825 1265
7137 1855
-6664 4176
9323 4354
-7101 3408
-2037 4128
-8635 1544
626 3737
-85 2286
3624 327
4010 2698
-2512 3840
-557 2019
4537 2131
4422
