50
-8376 1056
-9208 2384
-5757 331
-471 613
8312 393
1143 2588
-1208 3256
1133 117
-6316 1620
-4340 1104
-7128 3335
-162 4455
5953 699
-93 3934
1252 2254
-6064 1660
2197 4794
-4738 747
-3877 4378
-3575 3727
-9751 3643
3939 2882
7865 4451
-8325 1592
2464 4304
5143 2220
2154 301
-5997 1326
1277 3026
3274 784
6873 1504
450 3100
928 2078
4418 801
4870 1813
3148 4343
-5863 3859
-7245 4245
-3121 3989
-4533 1665
2370 1714
4957 1029
7750 1937
3055 3467
7359 1044
-4098 4582
-669 1309
6473 1230
9617 3252
8966 1793
4820
