200
-8250 705
322 327
-9204 469
-5980 272
-2125 126
-9968 398
-6872 303
-6980 425
-2323 597
-38 784
1124 73
-7385 308
6690 520
8191 740
-2802 467
8405 40
7193 778
2182 661
3928 375
4598 344
-5466 240
-6208 128
-7999 534
9208 556
-4321 290
-739 353
-5165 344
-863 76
7139 546
1428 342
-688 169
-3134 667
7651 154
242 252
-9896 146
9027 577
-1166 521
2943 385
3703 432
-1594 518
-5740 309
-6080 194
4851 296
-962 11
9016 661
-8758 4
-7032 689
-3532 191
1406 176
-9608 13
4814 409
6479 752
-8713 530
2248 42
-3152 80
-948 393
465 214
-1012 573
9393 273
5351 396
2436 319
-4635 39
6420 20
-6446 126
-4953 33
-8422 209
-9181 659
8157 456
4731 294
7331 704
-2439 422
225 674
-7580 281
1676 328
-8432 330
6019 399
-736 689
9330 286
7649 722
-3437 226
7251 28
-9434 377
3974 622
1636 339
-5678 136
3642 258
-6403 652
-3914 455
5479 492
6661 171
-3500 592
-8740 447
5127 229
5428 67
-5603 200
1429 710
8084 678
-2405 254
-6093 433
3756 776
-9490 199
6392 545
-7396 20
-3172 249
80 569
7012 170
8381 725
5349 166
-2423 682
-9303 222
1208 387
5833 417
-170 280
1028 577
-8792 23
-5964 151
4158 343
-5967 640
-3169 107
-5862 755
8501 416
-8210 638
6778 449
5129 264
-9106 592
-4869 242
4847 495
-2658 58
4541 240
1505 754
-1839 122
205 144
8039 733
-1805 251
2945 2
2995 61
3142 637
-6181 10
-7440 699
5949 734
-9906 425
-3045 28
-8624 632
-3340 428
8310 520
-5124 351
-8541 687
-7515 589
3730 314
3613 227
-4979 174
-8548 735
2592 577
-9093 259
-2710 62
5478 129
-5612 676
-9992 545
657 711
7350 431
166 356
8525 142
2343 696
9740 421
-4973 197
3109 734
8052 370
-7678 206
-3771 219
9791 680
-3672 684
4877 648
-7083 525
-5413 79
5341 408
-2838 567
138 258
3777 403
-1170 726
8897 421
-8453 298
3803 81
8857 230
-4757 94
2865 756
3657 767
-6888 548
-960 579
2716 390
9096 400
2361 333
1843 771
1454 582
188 610
-8622 286
2906 547
-9865 82
6138 415
2687 697
1540 36
783
