200
92220992 682878
-64547934 1341627
48715889 312363
15132785 1183445
-73302625 676018
48740865 1422683
-90659920 234364
64308778 1744331
90942557 2100586
9407136 1635792
55552270 869564
-42429794 142833
-27834075 1568180
44222320 901662
37395926 498659
-88514303 1207170
-71962312 1135004
52269798 1768393
-55362060 967177
96332254 1583203
81941642 1168723
76658315 869524
-15997230 1620860
-57670139 1173676
-65666448 744901
36156724 2201896
-6183433 7796
-50272154 2094017
72660255 2517466
31920820 2181298
80994169 2130338
19064355 1408155
26535634 2391368
82015085 2520335
12933665 1972370
-50810931 469351
-49499862 2326305
-25704435 1460803
-35313652 530284
-92326497 489839
28837715 1594550
-42903924 2259319
-48426103 2466665
44734305 840331
71709789 1499551
2979575 2600639
35576987 2355959
-88271685 934604
78054707 698870
-84759042 2156053
6189335 1480566
-62728169 1942429
-30340639 1859695
56471354 1172019
48130161 1135210
6555967 1811231
80564851 1537947
44138820 152542
41381842 2012017
-8820750 876949
-42212637 1234915
85311159 817940
79041592 1447373
4037179 680219
98822414 2336042
-19233474 1566807
86731952 1950676
-77979831 858050
5973432 2331957
-65774399 1124921
-84504612 990960
-24620544 616977
-18958216 1011830
76214900 673496
53240018 52529
-90592463 1649725
79530729 72255
85458541 1475491
16593425 206131
95457025 363311
47637404 1227440
-6210962 1253956
-34448447 355683
-64213380 1142215
89004440 190713
30224777 441241
78069911 1887464
-7782171 151742
-84244162 2587949
-93992023 585176
-93055697 1583736
-36221046 1880243
68289556 1534268
80193892 451182
94937277 2576596
29324565 196944
-7411974 2440474
65130983 909812
97287575 49705
12973749 1738039
-1377515 73806
24001115 2250555
79682302 2473160
71813515 54410
10583825 104482
37500577 1478255
-92199746 103899
-26834126 552942
81247646 748744
37698991 2286065
2702224 1959242
19505663 823032
2226395 2557274
59676722 1177662
-53289259 2234711
-6123206 825247
-92503482 749769
-42868772 644822
48753779 943632
14324284 169198
-22632605 1804940
55123100 1354668
-6702309 1457617
-37027562 639662
57145279 537299
-13570954 1733218
58233763 2343979
-24052539 697489
45270967 368363
-83350119 291712
590771 2443236
63596348 1244930
-49436342 764753
34704363 1282643
-18514827 1285547
63381951 1518805
-41254099 133437
-14745584 1880941
-64166691 872823
-25516948 63467
98388250 500646
-70061160 2079253
44795343 1444
-49220771 51668
85411021 728984
-83601344 909230
88175174 2143679
63933566 1279464
50889906 1384279
80329719 854101
85995171 2583957
8612286 2004914
56402713 679396
43219937 120715
-42898412 1443948
764331 2557903
-29530201 2078783
58419136 1478873
-68330481 1232781
91766665 50244
-90139410 1508551
19180279 1696575
-63211894 1540442
-1977312 2158129
84161372 1530531
71466784 2183135
-51008156 292779
-27142642 2588034
-42658670 1355205
-59295730 536026
98690425 2216649
-29736190 11116
-15180336 648373
18459456 2108293
-1313543 1639426
61839207 1196238
-63992845 1988376
-29059345 1494196
-56702062 1781748
46555924 1463569
97950545 1629222
-32745520 592089
-27650213 2023799
29435310 1710862
-40556220 788076
-46557673 748120
67749304 657566
84444437 1213616
-66504190 2264418
-1655201 2068944
18129531 1865843
-47598724 208934
-33284905 1639154
-96984880 855817
89595144 2586530
4466672 1327685
-80234510 1609890
-91391592 562584
-36344369 384743
8805530 2589443
2602036
