200
7093605 3376370
487216 1827756
-11319066 1643452
-90577784 2652782
-18920579 4096092
-97175294 871284
27964793 2551032
41234469 2711393
22752973 1555701
-20491735 1392674
-28298140 4071756
-47088304 1931500
77554628 1553722
64192599 466730
75967100 3892143
3725751 3382439
81384550 3954486
-84292379 2901833
-89542720 1277676
45998772 3925487
80866538 1218227
65075430 1968569
-72914934 1839831
-14901360 1885873
36027716 3678943
-32950208 393920
43699337 4150945
61755433 863089
-50418965 2236207
-26845480 1718075
-32134978 2876980
16153674 1440094
73929557 1542369
27336099 3476514
80622551 2689843
-11464186 188121
97880901 541344
-11237601 40112
12969460 2754643
96861881 1222488
68237057 1072904
-73476932 837884
52296343 2472106
50418613 1062087
1558154 3899524
39965175 946389
81860976 2801605
73234602 2451619
37131705 2393032
78203113 3969685
-34778721 3480858
-65519302 4068135
-78132542 299895
-51632487 3835031
61913200 1611438
-68366210 1004645
63675955 4220740
23405649 3889879
-24946170 2678194
25926347 1893169
82091025 1022164
92024807 2278552
-12783501 1320251
-17680748 1730504
-81552300 3518115
33656644 1011698
-89929410 387007
44526095 2017412
-5633021 3897950
38720794 1449578
11799645 3121145
-94113854 1048827
11070863 2384598
-17339155 4075592
-14679449 2361582
22091899 98083
18544622 2975254
59036014 3027554
72049996 703353
71825390 3778079
-6648742 1060915
-93014647 3183189
7690173 3119304
-87771735 3806328
52953584 525527
34160741 1599290
-84424475 1046488
39008132 3559626
96182633 3788529
-64533636 2237045
-34364856 3509580
64911486 1478958
84301762 1464987
79946840 3220407
-30085503 4036890
86604432 1295342
1650272 4053413
99285659 2287383
88934816 4111858
-26214664 344210
-53076547 1761052
-52530413 2816959
2450192 3524168
13287618 3198518
82046868 1787265
34708354 2007252
76295214 328869
-57546915 3622136
-58673211 1335689
-30924081 2756370
83234625 599487
66380224 329063
-83648834 3985703
91523346 3732465
-85926040 3955013
83323572 3828240
96208906 1344430
5653970 4118065
17357876 3637996
-65234467 400632
-96049811 2360544
32405745 879916
81290822 3647171
-11056113 51305
-5183903 752217
2862920 1929793
-14058089 2520130
-30221704 2068202
10800409 1940640
15983734 535557
87629570 4201178
-9186199 3341593
-32612705 2762185
54713877 3651538
69152283 1560460
-90188146 3429759
-38825595 1033772
-97398483 151428
98191222 884746
6578345 3231838
-62186004 3070580
-47355810 1175662
40386450 3888710
-58746813 1371746
-61659679 2477075
-79215368 3543964
74360182 2162421
-99179958 596148
-87624908 3059286
-98906564 4113808
31150596 4210155
-86548989 893100
32371759 1861290
1823012 238513
16986204 3379208
-75250459 1390283
93017004 1920025
7563714 3487235
-8880168 761635
-64820412 3871783
-49807317 1096668
21415797 371083
98380980 1884366
-28244389 1004666
54769024 1143442
-80024115 4167278
-69303037 2484500
-27869718 313535
-61262558 1104051
-13141992 1963178
-27485241 4305850
98823824 3849845
-94852290 570881
67749786 1198617
11870362 2574303
33238389 1970652
-72192889 337616
4704590 654189
56948061 2406082
-3060544 526022
8142523 1349508
-86881431 3521258
-38713687 2342748
70978620 3474106
15074957 1094172
-56439735 837616
74883007 2377839
-58322237 1468427
-39824891 1044421
61482918 1177874
25983953 4306853
-44094109 1691727
-55089531 3994802
-835553 3274383
65441926 4184212
53689686 2861623
-3004140 565059
-48499401 1781606
-52489630 3123372
-96450356 1113638
4330229
