200
1000 3864
3001 2733
5002 407
7003 111
9004 1218
11005 1998
13006 2565
15007 659
17008 1920
19009 3851
21010 1224
23011 3274
25012 3244
27013 2200
29014 1584
31015 1060
33016 1115
35017 3475
37018 1425
39019 1745
41020 3514
43021 2741
45022 3373
47023 2579
49024 3871
51025 1182
53026 124
55027 3976
57028 2520
59029 884
61030 527
63031 813
65032 3542
67033 2117
69034 254
71035 1943
73036 624
75037 933
77038 2686
79039 1044
81040 3178
83041 50
85042 2215
87043 2640
89044 3617
91045 2922
93046 1205
95047 3828
97048 2316
99049 2027
101050 3743
103051 2698
105052 3671
107053 3739
109054 3535
111055 1111
113056 2785
115057 2453
117058 580
119059 2358
121060 3187
123061 2337
125062 813
127063 2157
129064 656
131065 2115
133066 526
135067 2882
137068 3135
139069 732
141070 2894
143071 1882
145072 2874
147073 645
149074 1789
151075 3666
153076 2998
155077 1508
157078 1067
159079 996
161080 912
163081 1738
165082 2219
167083 1998
169084 897
171085 2615
173086 3945
175087 3240
177088 1902
179089 3420
181090 61
183091 1547
185092 2735
187093 3036
189094 3959
191095 3436
193096 2678
195097 1979
197098 2793
199099 1255
-1000 328
-3001 1577
-5002 572
-7003 2849
-9004 2069
-11005 1981
-13006 2833
-15007 856
-17008 2266
-19009 2743
-21010 2311
-23011 2888
-25012 3105
-27013 2174
-29014 2639
-31015 308
-33016 1238
-35017 3936
-37018 2427
-39019 242
-41020 1538
-43021 2036
-45022 1166
-47023 1778
-49024 1168
-51025 1278
-53026 2425
-55027 2945
-57028 839
-59029 2049
-61030 3401
-63031 3676
-65032 1814
-67033 1028
-69034 3352
-71035 2440
-73036 1462
-75037 310
-77038 1230
-79039 735
-81040 2724
-83041 2882
-85042 2523
-87043 149
-89044 1935
-91045 2590
-93046 2435
-95047 2894
-97048 1306
-99049 877
-101050 2153
-103051 1575
-105052 2135
-107053 3754
-109054 2372
-111055 1779
-113056 842
-115057 340
-117058 2267
-119059 2023
-121060 2821
-123061 3364
-125062 2935
-127063 3467
-129064 1332
-131065 2393
-133066 173
-135067 3069
-137068 1833
-139069 195
-141070 3831
-143071 51
-145072 2609
-147073 1857
-149074 499
-151075 937
-153076 485
-155077 2442
-157078 2430
-159079 1960
-161080 3023
-163081 2152
-165082 3619
-167083 3806
-169084 1673
-171085 1307
-173086 1004
-175087 3209
-177088 3368
-179089 549
-181090 2998
-183091 1567
-185092 3796
-187093 2438
-189094 1476
-191095 3132
-193096 1234
-195097 1316
-197098 3364
-199099 318
1000
