1000
-5640724 48041326
98597011 61825404
40899355 37169198
89486997 43181414
-48151792 64104171
77523136 4773843
18269280 68369343
-35060806 42416652
-59243438 32510308
62679526 47392267
-68111815 6734943
72905086 35307912
97939454 29624204
-94334940 8905436
-23485378 60074113
-30829003 24544003
-23379012 56558341
15132693 1829425
-29930549 11479608
36852304 32959659
-71141760 24740041
-97330251 11990593
-62979576 66441127
46507160 2857480
86784427 67577404
92240852 74779938
8306244 44190907
-53655986 35033551
-95683510 526706
-56389992 18024614
-20979404 19437704
-34244960 13852211
-34027099 8247536
30654430 18847802
92727178 4607065
58919423 62311859
4941793 28122400
-71744152 48168137
-29391520 48037915
-3914060 9675452
84079400 64997303
45969423 42806240
40734150 38028807
34285167 60229298
5271405 65743127
68583700 65043725
16362747 31263479
-25143184 29795967
-9949860 76633882
-96534704 3794569
-25206147 24861639
66793073 59668290
87190495 73407931
-92877016 44891353
71803660 70643093
64753370 3966188
68775169 30636985
79806439 66327385
-80531544 53449254
71242526 60746917
-9501476 49691675
34752281 39791964
-31091419 54107494
-29979386 41059587
62524568 30682472
-88966727 35039283
24138807 34418810
-59743541 2715516
28523738 76796795
27833311 34887661
-75029221 77071196
73722027 52461426
-25489451 76567925
69240952 37080475
36669785 15442392
-85736190 29070625
-8698199 30133636
-13970966 62285223
-26487491 56938192
51513503 70888160
-64696975 48190109
-71869707 13060816
19271728 36475830
87535887 8007359
-44851768 50802435
-84379566 39080186
-33277248 27765776
-45173696 43221429
-53131169 61260052
-6052484 36899330
-99376552 8382923
-43011145 56521987
-88335871 27639092
45730479 23438200
24603547 23068743
-17440943 40715471
77564315 25406735
-46292883 60836771
-53212763 24402559
72807197 27403054
-58007716 54308468
97607973 54710184
-15402097 60926903
-90105199 18359972
-50645082 46227595
-79968095 5910547
29579213 23228561
41488375 18838959
-14470714 69775759
-7313387 47269348
-85175550 44955960
16037780 25238542
-12798230 77060281
60805638 51785119
99205500 67922575
24448734 13989222
34462704 16793139
-9817761 34705469
-7858464 70024470
-24424546 53932565
-77204792 17753600
63210213 72240319
84703590 62946787
4700930 84922
63176062 34260600
-49154181 53736878
-83856195 56667663
46792630 40435906
74156479 1009280
79992559 6002473
-36064751 51715450
-90501655 67891866
-44379835 71059481
11223501 9241793
-27151132 77911640
-9857992 22468304
93425743 32494684
53997940 41632878
-45653672 10009578
39393088 40309194
-81800166 12576211
36546992 16637810
-65999059 17774042
29839841 45102685
-54449719 10218166
78629102 40370883
-99141227 4996575
46285757 60716172
-53519264 50800081
12349861 5779584
-62094246 15919259
41799586 3983372
-60196585 26680414
-51319653 13544941
-72323464 66575691
5370871 63103720
-25414319 45422055
52043153 30320665
19273243 77061319
59323309 46211477
69248871 27078436
41539850 8247221
-14244218 56179376
72607650 62312732
-59943909 44288591
63761351 66766001
-72379110 1010067
89084922 41279925
-88309387 65110117
80444641 1313450
6109373 64926208
-69558979 61805012
-18952301 10537665
1853188 6596510
74015274 31671163
90016872 57792105
-74271641 74976538
44864431 1078461
19348702 49034545
29276122 61884059
54536422 5067929
-43647839 31014382
520504 45615006
-77272535 39598028
-23397770 76006223
-87053024 62358391
67972465 45647577
-83589260 68576454
74198213 51570263
41141036 36438021
-25681173 13434832
-17737975 27682165
18458549 77376638
-64786342 16360149
-53004682 26096306
-13942602 39166825
-33325432 60549173
-33110789 24287814
-41473598 28481982
67595022 26593253
-4677014 15132172
-46654791 72830277
3067779 53265554
-26901510 5209324
13570382 192974
71959374 24163401
-85672212 57347443
60313850 28552087
-51176071 8739503
80298997 76839587
67522667 74498242
-92315595 41789448
90519674 31263376
64022991 76855694
-33600463 34140847
-31045013 41574818
9001053 77964747
-73001721 51475239
17174654 64127112
-47951755 70516682
74914081 32419374
-35107863 21198277
-21243781 53576297
-66541960 55163523
-4637358 61843136
2777090 12478090
40167919 49152994
-2481124 49786251
88211703 29938355
47095651 10461989
4298051 8038132
73467962 68716443
8623589 5385273
-81296499 42984005
39500345 24560709
-30606319 27321459
18126313 22381928
-68664682 18320666
-85798229 1326281
-51282361 50801355
-39440323 52985240
24371452 57823524
76948212 49546935
-61529453 53178616
-31178893 45619868
27097504 51935576
-69915046 20962878
20014601 32605261
55172454 16382266
-85316731 61703708
23361235 14136493
-74588890 61718152
-46792393 37856153
68634427 37635184
-66410424 20144057
-2337929 44780713
-90896716 6022472
27973374 783386
-84747602 43842042
-52808567 5770446
-61159014 9260517
-9798390 38000589
39193118 54664430
8652907 33334189
48415833 64292409
79346272 48171178
-49622403 73438449
-78702188 69206389
76712226 26505724
-49934903 62468480
90585165 45945948
-39523823 66384919
-96206346 76801914
-84746567 20963560
31700214 36958741
64380782 30459835
-95912724 63039000
-90679973 17586034
-44244305 37562349
37324837 58095361
-15153505 15943232
-5151595 21820736
-8970398 27202236
-76033472 57154701
-63042119 71757341
75200405 58571541
-19447333 39847772
2799146 5141707
-5397278 64906976
65853832 7596939
5990363 44338842
-42355617 33634170
31436417 63660830
-5856624 37506799
-3748561 25449326
38220344 3258177
-50678950 7297270
18938526 16398074
-80066589 59918393
-41442062 36623089
90048962 72657691
-62403211 28581444
-85604569 22437789
-48905004 48785642
73874064 18100714
18974400 26371600
-39599688 60070522
-6268954 6975312
10995084 59180022
95606349 42682995
-30236572 19334720
27735578 76366738
-35126490 10003908
95334050 33495862
14299413 13746593
24873337 14129731
78748070 45296802
-36542582 28910837
-4219192 28324727
98662667 23187916
-37159671 22972592
12639715 43905383
3194840 40641521
-57181718 72287194
-32600129 41922536
87754428 41997630
-81282640 12674377
-85351453 3922167
-50258531 66297657
-58606154 32703026
-80333045 22507294
84732131 49761888
64552474 50206067
55828433 43335906
-7312739 74214384
-88910432 40398357
20389316 72020691
-63934770 32484952
2999266 16097380
-97840533 75837037
36474018 43126078
47874431 17363384
2348779 29826824
31631850 36891496
16052333 71332517
-8651017 38035921
60285332 68454476
90104720 43333405
31646965 27160067
93948489 35085054
48966307 72318052
-67437094 36991296
76360324 59083403
80183690 32676957
-71488266 9453884
-61834012 50568579
48463117 33731192
-57824594 74520563
47068082 41077147
-96769704 44385801
71893085 14494586
-86480269 70982790
-53274592 8564898
20106348 20649794
-96926766 32001239
74910143 32586683
-2030023 57362591
-28356503 72250150
43152149 27133209
-32328753 12024082
78143558 28055711
61496423 40840962
-38052900 70728177
-92501754 61825073
23842235 68090667
99905619 56488062
-72506074 8252627
-41326791 28272735
9260712 10802436
-51542974 32338754
-70015139 26916267
6193318 60340988
54521920 57778060
-66156683 40517991
82028781 65222714
-2397407 60091764
28652881 67499395
3176421 73554940
-57961351 20431415
-10092747 72290059
-54283016 29153077
-8812254 19325841
11153598 48544979
22904492 28867779
-60448591 11347213
-15530504 34455193
305465 14541210
-3148973 66920767
59471423 18299103
87042051 40772105
-83187261 41629060
15828410 58232071
4990294 28300260
68084113 48715523
-41693418 7079969
90925709 28573303
-779069 53071909
-68716450 75974715
39780293 38389472
76589536 44364182
-36581732 71757365
5537307 60956297
-37021498 24583405
-28110676 74937297
24852968 66811636
-4225574 25580764
-31739382 62590525
90332554 4832772
-7229634 47940316
-81105408 47255671
-9016019 54559585
12225238 31225894
75000795 32387911
-65908658 28788429
82162631 49623262
7866530 29729896
56397937 56939217
16354235 4005552
-86955827 68564987
74944671 46408393
82021696 77984852
28446428 26113114
-37840821 28950383
-99220942 28889176
3313828 39032499
41911275 2954393
-25093229 19563497
23244366 67209237
75587825 51206061
-55566507 26678256
56140301 72472109
42536487 54743270
-51383964 75833549
-88630447 7595431
-84331651 5503239
-11571610 33813995
-96485092 34116989
-52020297 5223438
72591426 28399200
-51832850 31781126
-48623787 31828914
53724989 3209261
7052802 2830613
-65218024 56157069
78090181 31118466
-51981706 61809361
67216532 40491775
4450180 52485699
-91502016 64617446
3833583 33700999
-10675425 4622561
-96046660 11940268
24468887 36015899
-37035120 28028791
11523966 25834615
-72200356 10803564
-28249784 19384255
28463406 66358315
-16531996 31798089
-94750128 38308677
25017379 16290451
1187651 77156805
-85787645 52026744
-3880983 4768837
-48085472 68462547
-50546932 53766953
-97020949 73959234
-60781633 68723137
23339375 1405249
-63765075 59835460
43416152 49062156
-42607443 12573787
-81179516 46319685
-42958817 60097397
80259558 46538209
-85230042 6099258
12476364 35854570
93035199 28058745
41451386 75813054
-19150969 12076232
82851745 60816645
-16568484 14943907
96218446 23485356
65871222 13528423
76837730 23931796
67097880 61808014
-85480874 72292353
72056443 63328896
-79604806 10323345
6937316 30357648
11817793 50309891
72125057 39823744
-64009311 6785541
-35178666 49399115
29272176 30550411
-9966413 8143948
-48110703 64894724
94465970 42629726
474604 30808338
25652434 59279022
54543550 58960691
86739674 15913819
-6110145 44109103
-45992864 61782893
34314556 29367309
21997436 43805824
82408295 73393969
44621009 15585718
76006630 17401731
45978953 54107221
8331036 36626066
24793969 6419425
48655206 3669135
-8291054 75933178
44186482 54580900
-36316613 52282990
-62650679 7184831
37900206 70620474
45148914 34702928
-81440042 47801650
-46621803 36784262
23769584 36842289
-68670711 17232428
22085130 40245407
2642988 13874561
-70517301 4869544
-88429622 57079803
84537566 39984750
-60395201 2273411
377136 28945328
-52065403 8213214
-37861306 10906634
84029610 6307628
-15751136 1845105
63284959 14874158
-52360994 14165981
-53935241 23051867
44233887 24794973
41967565 7528848
37115506 63061600
86315255 25072400
52361808 6958110
76216126 44713409
-75818109 32029344
-27078781 77367721
52024760 65267598
-88025082 33038955
-18235169 41190604
-97892965 21638120
62877038 76212185
71679817 67114308
-19964850 76919
-1384390 21673606
-58323364 23504256
61474561 30477093
-39403241 74096350
-59437698 20394198
1706848 53589738
30993447 51803795
42439205 71702792
95209894 4822243
65794258 57364907
68275692 22472655
-46191966 59508568
-8072850 20742563
99731523 49538791
-35492439 28057599
78943778 1795879
6055824 68360139
-97358252 45465775
7096059 66284478
39694401 61371334
73811947 75001813
41007438 52107466
38591427 67292116
18968356 40881701
57273761 7342914
54840314 29146641
-18066735 4617862
9919849 22683822
-64762574 62964122
17546768 32966035
-46114873 74693177
-76782339 15497776
24222064 53476244
26758684 43263114
-75782977 39017109
-35176442 57839196
-98312637 76621559
74121483 48934260
-70808358 5277690
-90617755 7575999
-77912199 47615190
26513975 4440555
-54708182 3963704
62346231 48563157
40744291 5076500
-42739555 51327333
-50515128 26219107
-20179343 31910412
35151493 34554635
-87881392 72145095
61021717 58222768
-74678135 75164662
14360818 37133373
31154495 45310159
28706580 72789941
70511779 38490123
-21795162 28505607
-40231994 2502860
13850716 25526700
-91091719 74815393
27925576 42406592
62573272 33988875
89187858 51468752
-1271318 21910240
-41649939 22017781
-18114609 34646825
-56694266 38413812
-67617959 64892725
51316806 34382287
-44129478 48190300
-2048112 37689644
-46715452 18811883
13205846 49676301
57994237 47687322
-72311868 55192036
31435684 28110313
-92414734 71144564
-18553056 20896755
70202336 60152242
60939204 27305275
-52382996 56680110
-76632653 67317937
-38822730 32909663
79443032 20932328
-31165742 76375029
-53970617 53350827
84979155 2872331
95617569 64704172
-48534548 53699027
-7839010 75063071
66797871 43173504
-59563695 63999830
-60690782 18164887
16167038 4059214
-36069055 41206093
-86942130 56864956
-35576742 47966776
41285339 34195668
-7936397 39937470
43612707 75298865
-46999095 69299872
39959347 57686379
84543736 4254530
35060359 4375527
74123427 51772429
40209681 42115671
-37628362 67767134
81719149 41899380
-39948473 2049736
76236912 58862502
-30063609 68982067
47258030 52156681
59860484 6267183
-3621478 32749511
-18361789 57863844
6919508 28086960
-71637497 26355125
-58058774 10746645
-14300404 28856585
17899751 42450154
-37367085 23921302
-29943232 57799226
-35386984 15949340
-60970305 47065291
-60695834 63944856
41838774 65802752
65304405 71689319
52752990 22094023
-89084385 10574732
-50346071 5867786
-74700776 9585056
-3497266 44964623
-92312563 54083090
-33179919 24874788
-99875894 19782151
58389271 3133886
-38835335 35941276
-95759019 76593140
-17923018 68403613
-49985975 44085912
90607666 75715939
1131333 42434358
-93458664 52607593
91341833 34037688
-68550903 15360370
39314689 2337930
1076617 16461134
-15454806 55764897
-76856366 47225883
71974536 41843369
-63569881 40024442
-88156948 58951483
59784352 4180562
23265946 60469810
88637358 76181849
-58393688 48390806
60593304 56204179
-8488015 61575818
-72031129 55402382
-32133973 11918592
-2253504 33603259
-82370155 72256328
47584528 8488543
-91737014 26318352
78361275 72906285
27031054 33350623
-22142184 10043590
-73058731 11547372
-59596638 30473057
44698103 62230035
46108993 33638185
-79579875 59089103
69312342 22690175
-85832536 17096641
13759686 2442792
4685014 48637610
-3461873 72146124
11583779 16281299
-51615334 2093737
-68226127 57122218
-17170398 1312283
16912568 71003076
-6980606 72069114
72643366 12175669
-4498416 63617288
-15235078 27447527
-78934674 37801978
-52378264 32819768
-77716069 51863282
-89318523 41621023
-80158746 30148297
60033508 45550187
70788182 40396525
41176184 2013780
19441894 66057756
63771495 14902862
-76955184 46302574
60137773 68274132
78578536 17517170
88282076 50566183
-36055353 27210689
-40431404 50234344
47675130 74253894
-95799482 25485783
-37695707 46468711
98933069 56073941
-72760632 61542622
78392623 60182474
-36324042 8026045
-52437888 25397971
63068362 51748570
-87833279 66145178
-45168546 51159444
8675636 21880625
51361773 4723537
19768272 41147697
72663195 72633759
39618368 60261235
-49695692 22141611
-20118536 18786056
76236670 76444697
19481624 39210605
98584670 7733844
62989772 74614500
-16633251 50836683
66122104 18061120
-86553354 59028594
85694636 28467385
63967154 27523017
-72316254 37209999
38487516 69562931
45209687 18817092
2159918 47413689
60436008 17869554
-14036424 41550659
72770865 38069083
-93310155 19602114
45476535 33265677
19590628 52811204
-5582410 66667493
-30816013 76904730
11317964 40447231
-99094399 28621112
70627454 36461243
88200758 38531007
-80477227 4647005
-80489806 16732057
-99205696 55024804
78632533 73857989
-20822334 57208457
-39808767 37067078
-118850 22135230
-93022768 22968357
73283089 69130553
-22747411 13281346
77334149 53363853
-88555733 29097578
68340647 43420648
-38159590 40062577
91882530 24934470
60898819 76468315
87656814 43624355
-85760450 33379813
-50858971 25637333
-65121395 30674697
-81023422 45847481
-51001072 7334535
40221685 34958832
-75054895 63310024
98488441 74750892
70697952 23582040
21458748 33267999
50974673 40429092
-55954379 62356995
61773209 3631719
66494305 37635755
-59015532 49751053
-35012406 24747462
-97656735 11047163
-30846696 35616222
-11854584 58517240
-79604805 77132573
48483792 77264848
-40082787 21179700
-44773488 30287750
90390652 12365539
-44954440 38838688
16797050 36136690
89864962 9718609
-64088711 10744869
20552929 76128445
-16771892 11627715
-69105163 35847654
-64893029 40925249
-94989142 62176639
68094769 58665773
-2042913 5263150
-83787194 16548567
91076696 12087173
90876957 22314220
-29431027 53046025
-24367869 23468316
-93593372 64237575
29037986 58589736
10819754 47749036
-54354245 72612922
-40265124 37902265
41939144 4894910
70667925 1166239
22999244 1559838
67466654 6887790
-34255119 72148548
-84326443 21692249
-2960885 37973133
-19236601 26864886
14686338 2517504
-78160289 1845435
59624673 37050644
36921192 17633525
-43451047 24140043
8267367 69124858
-19104954 35042587
32502546 68365079
-36055729 31738903
30474357 74372324
11896357 16313001
-62821934 11210835
42595856 12897547
18798252 4820910
-1704091 56071365
53573714 40492608
-37938837 22043320
80706208 50352608
80131705 11996471
-98172760 73132934
51188134 27868487
33119092 22540624
1183496 64622679
59472852 26677239
-84197868 4396930
-74010132 52476817
-56092946 15023300
-94029171 35042926
23862852 409320
-89109911 50316460
11206219 76221947
39282445 49120111
-60503840 39353219
-38954170 38965992
32889430 53618903
65602759 20522682
87806686 69421037
-27149511 6038777
90257511 3749991
-38607360 32303183
-6404805 7475427
2828574 69325414
53768651 54990470
92333080 10765844
-2152006 55809752
36982377 39878256
-82963915 41680995
-85239903 38034007
-67690960 27182823
-6544514 36365567
-55157786 57501745
6734360 72113166
98823652 202586
36039317 13630048
10803490 58038168
-14258927 25202437
-48632434 4242780
-30382374 41481203
20524792 52124887
-6021826 28479887
-18475468 54014410
18483292 60840313
19325574 41596337
4367331 65873415
-66872454 39914788
-36771876 16500816
-40769154 71994976
-3479824 390714
-14778766 5250552
-57631132 8965345
28203928 35796596
-9824761 66017124
25452154 63151224
44992923 48735274
-97749073 28842263
78425245 37350080
7460264 57430354
26895476 31152894
-97458124 69956231
99458070 65185545
7702287 43677938
93820505 37723686
60028577 5723106
26603788 53981471
3056005 77222690
-61939544 50784551
15895170 54004964
-73705305 77615618
-7373311 52246910
4885127 63763067
-41603365 58745404
70788395 16094014
61234748 23566451
-5681390 57134699
-70905950 9567091
2976999 4764235
54846839 36732447
27963372 14430932
46298523 19360934
-90818280 6608044
66924342 47159482
-60178682 62204483
-31050828 19691977
-45058674 35080713
43494223 72106770
-29783906 40311194
72325578 19050939
8251314 49505999
-91451549 62038597
2880229 15310796
-61053507 56039400
-83655130 35286659
-67183667 18557684
-45895612 65013414
-8604296 3861744
-34975654 35097319
-82391975 7693437
63169384 11447456
11116754 41451653
70815953 57533133
49643160 34087871
-9094181 8798115
-35709450 44636594
78099732
