1000
33014396 8731
59738407 218454
-57215566 46402
-73870806 22334
74959756 22865
-22218782 237349
-60946359 88225
-12218362 244171
-92388404 124100
-80212445 253009
38085338 86480
-52527053 29042
-56585225 114819
71029273 172828
-51069057 237642
39442899 120601
-74120777 14635
40801929 69805
59126718 232544
-24026213 254219
-40719651 22189
47393821 233778
-6555766 60725
48346131 11132
-58061567 23436
-51893512 239433
-29282729 241875
-1110210 227681
33472035 85043
-39073804 71088
88563874 183912
35538967 40394
78561001 29512
-7539212 227723
95389218 32900
-79551518 242913
65973809 47042
64784821 115364
11113054 240867
-81241811 260160
-48117247 244225
55340114 29169
16128732 162158
83284488 118512
72359420 157255
68844074 221766
81047007 145449
2979828 1848
32162017 122352
29255725 201317
25642535 132377
81022954 47889
82358941 82049
31191808 232793
-2420089 234179
-54667769 54184
85764664 24135
68343199 31088
-25740509 188180
27219663 119384
-32192197 236159
-75121871 163585
32533915 121846
-34505662 81478
-34555707 188149
-94933816 61256
30104259 228922
18986777 168327
-22909463 256267
-30803374 226922
29957061 154196
12639706 112859
63304702 183701
-28495904 167974
-32306342 18595
48610485 90631
43748997 107793
37781611 182132
48795340 211362
73043276 181354
47188304 227191
-53794242 200234
-13704610 43451
1700295 183073
61751885 220522
73933612 4719
-92284003 99687
-42535456 78608
95115405 65419
16410396 139617
42533206 206928
92627781 13003
11370444 50281
-94401398 106928
64823413 107311
13058777 246156
22633417 105698
-97014153 124426
35134171 148553
-45536274 48560
-26320290 4644
68914706 37402
-8846791 139505
-70636790 188598
-71710769 22015
96629271 248254
-18938771 195454
-62738124 173147
-17256886 124846
-33187107 166254
-19841887 116974
38225363 230570
-97361547 5427
-28206543 60859
-13944697 246880
18303871 105569
85126982 122682
56293775 70914
-91172418 119367
74622940 91151
57477186 142548
-47146405 25511
42433685 175901
-44992799 40928
-79021383 61933
5931809 36414
92966193 228078
-8547909 216433
42882195 256144
-73342863 253199
48830447 187535
98572958 78062
-15158573 133247
-80901128 205249
-1150293 165244
-17282702 44340
67860704 220206
-68059599 45778
90660763 25415
62089303 257246
-9094319 209467
-58230740 77620
-60399518 67471
91775248 218222
72851210 235950
69235110 118679
-85557988 225316
-21879753 6443
17552348 158316
-28124551 136747
-61231820 132214
-25205452 31075
35333970 238548
-96558812 11813
-2794376 47528
33933446 156809
-53568470 177246
95145633 86258
52568465 72374
63942053 76927
61015463 228088
-83665708 135986
-64072612 122240
2306409 3201
85348284 64085
14136693 237557
21673147 170139
-74375765 174719
-94082694 84303
64669390 102348
-51934221 44336
-36057049 82882
-88004143 180627
25414755 127343
55383605 103157
62180552 199710
-68277571 155121
92638329 49539
35421727 11536
-44604466 158349
-26122347 222538
-44446640 58780
-59421 52753
-75527467 182273
20238799 241727
66038665 107304
-61880348 105616
96337687 234234
-9174295 8021
-17131690 159150
10526588 53862
-16350468 186117
-54635764 193828
95537268 235531
-47840752 218057
22808866 77897
33037169 147501
72983125 62407
-77649017 54049
-76881532 175200
-87759079 146548
-13669564 219037
10198010 218915
-67745764 178845
20564195 111220
-15401389 56352
50990849 183085
-61997255 157700
-18808153 236254
38069371 246850
82166982 204630
94689045 201791
-85675965 54021
31356585 232585
-1008405 157798
43138494 14661
-35935461 174597
-43767480 186847
-4119780 234735
17142177 41874
45208661 71362
31103902 97473
-32598181 68900
89338175 227707
57255070 170783
54214651 24511
73604378 83604
50642370 107510
-72640677 156223
81454451 101985
35370784 213020
-75258910 173165
-42163601 216939
40276048 23300
55074524 8447
-17528337 204787
36361761 151872
53780442 201353
-93898161 131383
74076340 169314
19847803 93124
58446533 66877
-45384223 208545
98725359 164486
61609285 21386
-90930534 99697
86903250 250911
-72719062 13963
-10625461 176374
-95591446 242928
-23165622 182975
18339513 249945
-1415744 211020
-6632015 194013
-20231530 158966
84163967 182522
63439141 121452
-81980396 196214
-57130657 22480
-21440628 69905
33200610 60184
24905851 164636
91658387 45094
31637593 80561
-1657327 191143
-56408210 159396
-98776918 154710
48746483 156869
89242601 65598
-32998574 253278
52342581 214947
44208233 179952
-36307707 22236
12788303 28554
10141738 192071
80534588 150142
-22025912 90945
92100148 148799
23771703 253963
-8798520 254962
-62185851 55320
51110745 160440
-18976243 121263
-65065554 259224
21717331 49239
-10705737 151276
24235840 90954
48287145 215998
-35294312 147119
83282611 142674
-81346527 77121
-25656831 25690
-40359668 62235
10850852 240986
37144630 8584
-52135224 76208
-25027774 117
42889817 106060
3064196 112674
4138521 163381
45959986 127949
-10591528 81298
-21527358 11196
-61816672 149116
-45871685 1236
-57611392 216774
53824725 256106
66483271 235375
-36322876 136807
-80049861 137059
-87486285 60426
51532143 194052
70495554 24744
61305853 127272
-30132396 51751
56580338 175221
17503306 7220
67808327 211418
75080587 179376
-47300107 109670
25291127 226472
6219777 8113
45506629 25507
-32864807 176222
-51596634 175820
-37649596 132156
23577468 230534
-32661021 202106
45504136 161705
-21678856 204312
-27131173 68920
-63145884 172276
3904024 253943
92003303 199379
19145795 134018
-76392995 255176
38532643 18605
3039894 226801
-94211313 157727
96411431 159935
78949225 33244
-41675628 150339
-62153159 194124
-46698280 108531
-90588108 40419
-72586919 121213
-32399996 51019
-23274330 130579
-28748419 143916
72461016 216647
-36646762 1028
-24346444 77466
28275819 76534
44622407 156589
-18219500 222733
5764925 235980
76037983 57324
-4446046 5827
99119460 192596
94415936 46689
70799865 128226
14878399 201025
41703186 117667
-77643791 182701
-60068559 88815
70294453 51668
-11330224 177321
-20697448 241543
-78981644 147308
-23953281 56725
22227853 255712
94674503 9958
9225657 4563
38343595 45758
23246061 6463
58121949 162361
-95168797 184429
21317899 52540
-3236759 41561
20896739 140900
63303221 146031
18743732 202674
-46625756 174536
40658329 6883
45993262 31120
89711739 72601
46265540 165071
2322105 152056
71460471 242301
6693851 35010
29763170 39751
-15448850 14619
95810230 141521
31047594 81979
79941791 125835
52626649 128319
52510196 55354
63045931 2520
51831412 252590
83580716 200577
76484860 68775
1435295 49909
-84373142 70733
-29686320 177094
75662644 2709
60533737 86248
40219913 162262
85451295 116350
-20591908 75427
-17793621 247078
-41805813 114272
84657162 195784
-9407450 99204
43696660 69621
57298299 214896
-89806437 33567
-74736716 60115
97941869 75543
-63260501 169910
98092736 243564
54928940 169696
-54127281 231934
7041303 196449
7279164 250962
16314041 220032
35689959 241908
-95543323 23370
49863362 57305
-89894185 126314
-7680615 24562
-15602574 226242
-39579711 234509
82988141 158585
20230616 155658
68617394 232614
-83020183 7337
75573659 76294
17981180 224914
-77872188 226474
98154958 30281
89152255 211164
19155969 251162
-14216701 156168
47588986 173444
-98663860 108748
-24830908 94492
82355712 175436
-21312955 48839
8789044 40061
11834260 183420
70404500 32660
33506344 211809
-25374314 29080
25873983 246873
-17047830 220743
37428818 76178
63815198 154648
46806862 72031
9548400 114829
62695047 13061
-345208 231683
-91103881 112805
66138824 148097
9698798 243928
-43888720 62375
-69574462 273
-44231265 65494
61722527 70483
-17692329 256191
-20170833 9389
-65733165 210727
31870846 238664
6400179 193614
90255808 171844
34587312 155535
54388576 30198
-9856635 81921
-23502242 80347
-87786829 172503
53943640 105698
22515654 105303
29184241 159700
-87761930 128135
-24534960 77402
-60435327 169407
-5777441 134988
45855517 160499
55003175 150004
-91910728 38170
86202400 63175
-50608577 114024
-20223764 153540
8820966 172926
8229555 115084
653317 4123
-6246720 144901
4047959 35381
-33377774 40319
6493288 158206
97416514 76398
24008286 122499
-38108714 237000
-52018749 244955
-78633104 258166
6684092 237870
-75349968 241733
23288172 257000
-69711733 88309
94472122 255301
99082430 73851
-22698797 230350
-69859111 222951
60247403 70064
-70198044 159698
11707452 251368
3577163 27465
93546758 258414
-91001304 192927
-13222449 81879
85173929 225526
39087811 96162
-14162076 51334
-14072781 115877
44729041 58577
70774821 134885
-28786775 91346
-15412346 122778
98614487 235253
35474655 125034
57976618 134492
-20309624 134670
24558515 237417
49797110 131540
98651350 218836
-91979106 146632
-47319929 46335
-98787628 99298
18741655 152480
-79805030 51230
15365328 239766
-14104944 13323
-78090926 157757
-46979173 191312
-64089110 63171
38011685 77030
-98766928 139648
-88598085 158733
56692991 210503
-69849872 209304
-73612974 37958
-13938917 162666
-25691808 110216
-75355325 63134
-77063036 49730
9622852 71516
-42921051 77806
61892776 131024
56593861 29671
-78161647 235887
-28632859 221386
25764112 146555
-65053941 54916
-85938656 121426
-92661545 92514
78886770 166509
57480875 120655
64330744 21811
-349031 162436
53713432 220863
44285220 132800
-6204131 141993
-60157894 55949
16137455 246648
23751885 215694
-99058036 177567
14360936 7870
-13810450 67504
89470133 118256
10264741 150932
-95121308 171988
1950189 179593
52822170 175566
38038079 214152
-7943849 70694
6005597 94531
27683331 225390
34811017 15410
94439977 185606
29950171 42217
-36506403 132238
1168054 13502
18857522 195371
-89658464 90958
-96207898 48385
4381083 133165
82294395 237250
-56540534 100979
-38481875 130700
-5004015 152977
17560732 47425
30835060 153242
6082641 48588
78934567 19477
-87034255 56601
46912651 114135
-63401257 156311
-3426262 169801
-48750317 120721
-32625441 115128
8818015 114069
68022302 183478
-64516391 196630
98664861 223357
74683835 128500
69114219 107295
-97610841 205402
22574761 108496
58362529 221761
-60811813 175032
73325603 162305
68140118 203943
35177688 16516
22757802 55055
-52224434 154445
-51965302 47553
-90644445 198634
-29926317 259453
-22781146 69218
18851450 125304
-92760432 7135
81467237 28385
-45125623 161012
3708830 200883
97029090 2617
89501811 135077
-24870794 117135
-75960600 25651
-39051539 141026
-2061289 19333
-12584416 194396
87181024 85245
54541720 112931
-60390173 9135
-66579766 38143
32363993 106729
-58330103 230149
-76195804 37246
68705865 123822
-62921568 256534
75761954 232733
-75795438 189278
90231497 211339
45083176 203004
75137572 46318
-14143688 181043
70932764 165814
-24369818 35663
26104566 192160
-8386170 161582
21780853 57755
-71119055 3964
19124012 226451
-40417390 243930
60878680 20054
-50010281 245027
84734055 142812
-15397476 49745
-48380912 137990
53008727 154650
68963176 37963
-87934684 58051
94897691 94591
-59141805 125236
13608788 211317
-74099661 120981
6459394 28675
-79864333 42038
-65841184 9464
-3029079 4610
90968694 81776
45856512 189379
-44526262 165465
-45821663 133492
-7535786 27790
-19917255 51815
-53668490 119571
-58428447 126166
-34077481 31343
-73653135 81519
-82476061 167338
54043585 92347
27299677 191440
-37075314 19258
20558913 112054
-18926082 51727
-31628326 26113
58405129 206957
36671122 61144
88540068 250499
37455834 49257
-13295695 130476
68275366 147289
7829560 259021
-34562710 49632
-73388095 89063
31437809 144323
43562882 188907
-50422814 100802
38540321 141499
41878163 65419
-47528871 252442
15216472 188874
31324985 250404
-4483331 64845
-96363905 155382
41301988 196985
-68501960 252401
-30425799 194560
44845916 242953
-82167110 230904
92833601 80850
-33352284 125221
97109347 197598
99370689 209949
38813119 153861
-80096249 185053
99868899 158515
-43145512 18554
26836730 227767
80534740 119996
58102048 30280
-40519025 247398
18714332 37952
58140460 60946
-98369300 22204
-95889365 20239
58143658 18864
-3118509 223750
88903791 174480
1354837 87053
-24561842 206961
-74166106 49356
-18449644 96211
-53220881 26515
79055726 49402
62937950 143673
6835984 22445
-84001118 166210
-47470297 226247
-63992982 71128
33905971 187583
-5674601 98347
25585814 195166
-94422668 73151
-35476788 44089
87965302 163521
97704203 240256
-32748477 34879
-50413155 93929
-40099431 242403
-76474633 172112
49078152 46260
-923853 190602
47417361 52698
-22386240 206197
77396865 13817
92970238 245745
29900853 220842
-20114652 216162
1409073 108682
-91194717 133202
91924728 173180
-51035114 231598
5339236 76312
46667318 196732
-34642634 6801
-80061777 98799
69630617 185961
93297721 199279
18565234 139848
-7625888 194275
13533982 235405
88126678 225259
67780851 8047
93578269 211767
55232359 99826
-45982838 20739
-21662988 96417
21887257 96794
-3422899 80453
36377117 245740
38924760 252223
85625980 72956
96966226 135917
15595539 54187
18690071 100187
-46667483 105071
-98780752 34381
45988903 6166
27582554 1117
67518972 226720
-54281389 219561
-56418576 15643
74761990 42352
90307050 136266
-76840747 190195
-79698677 191720
-74989495 139492
-25411770 21354
42538157 157692
91324752 84936
83697494 227594
32643242 61361
68987281 173666
32042516 203425
19171805 159274
-93413170 53371
9671896 24081
-41107246 256131
39825006 157933
-68493622 1017
22534309 183808
97535386 244666
5751488 242534
52461988 89250
-25920963 20988
-53424916 45098
-53704985 202570
67492845 163061
-19716410 176973
-24029024 217909
26122016 232116
29710624 147057
85142500 47335
-65344391 187473
88981872 106176
-76545990 51322
34681392 228444
12521931 67102
45932737 145186
-44842334 16537
18488027 164376
6023102 196105
35313432 155160
-7379639 209367
-15786358 81761
23987120 247309
-42932862 141581
-70422157 179636
-44580021 4062
94490784 12394
-51596633 195106
-27127928 66297
78968629 62240
-53391969 175729
7890808 79626
11623003 165591
71734949 10878
84930075 12177
28665082 125519
25510045 120992
70798303 44618
-96899307 132958
-38690033 111453
-2053481 225466
17356579 125652
-64106949 4538
5333631 189908
89238332 239961
68364555 108856
50014886 134981
57007741 131981
-47780744 126833
56929373 11726
30888888 105381
26908274 133450
-57994471 22623
66870196 221831
96501622 931
14734713 8204
-63186541 234358
13935709 66656
64517656 153893
-15683934 180264
71394610 195245
-90956941 223120
-30111148 196630
-55263086 17919
-19937465 101753
-41480802 194708
-32168909 27769
20976950 235907
45008170 21088
-29411770 64010
17368900 226303
19697094 128245
28958703 116951
-23936210 81145
-60569250 186118
-94146149 189160
34495199 110707
61680072 232623
13633334 63079
-60741050 128909
79369667 25407
-27059117 187950
35694044 255790
-43435661 193428
-30378583 186691
-88568193 203318
59320427 92632
9706908 247582
-44793973 197875
90722486 25910
9161338 3937
-61112224 180357
-84499994 232502
15637973 39983
75251175 187345
-65215269 251755
75376039 216095
82709786 197879
-18884945 115398
-32002420 89091
83557466 78824
48097587 111640
83382310 95079
-73316617 237590
74028176 44280
-83575185 56570
76635552 201909
41788873 125492
74980537 245935
48451998 101153
-69492277 81406
85294659 121806
9888305 59121
75420725 62631
-24361069 2554
26921002 37978
-58550067 6368
87979738 72657
90540914 48073
19918438 175777
83766214 104995
10090810 189857
72983263 84319
-12237135 6212
41441660 202068
-15418327 94602
59361801 14450
69617254 52155
79847951 43421
51233879 206036
91186297 246214
44442741 72317
-94432169 154013
50980236 53952
-92434168 77597
42722248 237802
9888197 171142
-94319480 114872
74206630 19787
53661320 125078
-81589254 204806
62619527 26369
6209009 104608
547796 37137
11788326 241040
-11010065 3178
-20575495 69048
-78640811 177776
2945051 147121
8201649 33317
50864931 37069
6662649 188731
65527582 61724
66643272 178094
29273658 109480
46253847 135815
45602467 142620
35354229 7982
6375305 145466
-12001610 49669
-1381838 200024
-12548223 142139
-44124436 131172
-67797806 83642
91766764 87165
-3785543 34752
23520575 243255
-49873271 88131
-46533610 172248
-26336571 237279
-74494399 107786
-41984499 103137
70514111 32264
22669758 54559
-69164616 233586
33241304 127611
260195
