1000
-64837942 166396
-19293821 648646
-24519461 744199
-16590142 532640
-57789562 18898
-79776398 22097
79764024 239369
-10856145 125727
5054652 112394
3128636 504699
-40194837 555175
8502437 180806
-33921383 369492
12480957 761697
6706706 319598
86352526 33576
14055290 602627
-21518070 371357
42792242 313678
98820653 76426
38761748 405348
-12575121 450183
56852015 772339
-74291094 669528
98137660 492415
731357 233919
45075575 147471
-51211100 824204
-85929608 803034
-59710989 754158
75554757 109386
87945678 526846
99904473 142306
71670789 593822
-91862014 357576
-20306304 151485
-84778052 272062
39817191 44268
-57425848 747973
-9579542 387447
29164462 450108
-69083569 303309
81979879 778688
-73640163 634055
89867659 270595
18826388 673300
79760408 828833
-38521396 108432
-35271158 654639
63864158 145064
38617062 653238
76359390 46953
-65579858 694124
-33601215 238490
-9767210 701918
88291084 678158
95438604 475579
44872720 356995
81298823 435538
89709308 240402
81737240 657111
-73116129 742962
68942292 57623
-85301963 822431
22825266 314393
-3395817 167040
-18191711 491041
-78189177 782990
-91566078 411703
-95654884 570405
12238645 302087
-97885310 704651
82877020 449048
-64706299 536610
-56186693 154925
-96688271 148288
-3431769 719127
26120055 134842
-52533753 95190
17914588 368896
19228397 727636
-52205096 301480
63282104 559367
70255272 438130
9290077 171516
23519760 110496
55591588 299345
70589018 189955
86928343 466024
-60042304 268920
-62448589 251148
-23456363 491364
-10327374 375614
93994342 145190
-15220027 375193
-77058944 520021
-90319929 363574
49599685 777939
3354187 535270
72788240 227932
79936097 173084
-98216930 641729
97038688 597024
18237764 798553
-14777259 708974
48803078 714591
99531571 767021
77678016 785219
-2119629 199812
66843900 652640
-27055989 527708
9851226 236490
87783531 711466
78876423 290228
-31751931 176105
56003405 407952
23065386 105118
69385111 251659
-3922760 213659
51916388 576085
31676647 572435
85153249 165961
-21386526 677037
71141289 778806
55471068 737577
12859466 767538
-21740454 23041
-45365870 567720
-18039584 167418
-68181479 728199
88991599 242515
82177498 792021
6648189 496130
52645328 351054
-24129716 736128
-48763377 794257
97896064 176815
64696080 61766
-87253128 260418
34679949 335122
-91346695 5166
33264522 58255
96647692 290718
30658207 620334
34571942 568996
87019443 314937
86892392 410429
52319395 343195
-96467423 167425
38204524 759057
-11925318 481591
12952393 205490
79978613 597247
1440373 780011
88125970 709310
-73678164 767610
38170511 105090
33196071 146627
-52141698 544581
-51659626 627540
42032402 639544
-66245928 243849
-48900551 456649
72626242 785686
58341743 718821
87323046 148316
43283331 246203
-40740300 830101
-60345937 56922
-26838815 428133
22144027 727700
96368914 606127
99311960 162341
22387380 447268
-6615417 369832
99185527 494276
-99911387 170185
-36534123 201881
37438757 545646
44315357 586896
-483096 716514
49191541 753009
95388874 311720
-13032923 610090
-15236477 165858
18985094 480731
75473338 52624
12295850 228972
-56684955 96754
-84749727 417841
86968800 286071
-38518357 737909
-32720823 244565
68349958 692464
48604911 403691
-84928800 663999
9051112 226318
-46349740 416563
1064598 821732
74600002 559843
-94844688 572258
-13420751 498265
-84178118 636587
-75400446 629470
-48101688 651379
94390589 178814
-17350234 88214
22234903 147704
-12252017 258835
-97019630 595917
93579283 462091
60070270 106919
88300152 788679
13938540 561533
80045002 442382
-77233107 201771
53319001 742552
-76244697 433956
-49792915 413987
-48321772 73294
-32648684 308376
-64248342 656482
73435908 507461
50919137 571127
-84590140 185885
31601181 449671
-90115822 347999
-74078887 574828
26457468 827872
90135121 399477
-76294560 503957
-25916475 53044
-54556143 491333
13246803 504568
60511100 750035
-72212676 96930
-12099013 31471
46351278 122632
13456881 529915
-36573210 150323
51097376 186309
-5390236 475149
42968010 703352
6147446 235906
-42043699 130539
42321650 358746
-79630912 558443
-68504066 7675
-61012438 637950
6266569 835830
-30494179 597669
63535863 148272
-62974729 323582
46060838 705925
25346101 380478
-91483423 202367
-24805521 605888
-38154933 28017
-26960625 660587
20788721 689083
-10561417 673735
-58869992 302041
-90965967 726836
-34103690 249007
66193506 736569
85778423 750888
90261082 93043
-58964377 770783
63958398 551494
20653093 616798
-87239050 644081
68692926 708334
66357738 203978
-2332037 701820
-86396567 746591
-95313723 847665
15710221 586855
3902889 548535
-10485390 841873
28749425 261033
-19009126 115621
-34465462 419076
-12221667 268602
-25173594 100347
90189318 141707
87216340 163613
32274940 313172
73938440 801679
-44270454 468011
-88391168 71940
12746902 458293
-85823034 92652
40775114 263772
37863401 547422
-62295276 513764
5289531 510904
-86294045 280415
12652821 516953
-64995294 636488
-17030304 279695
-3521061 26595
39243997 508909
78894576 208284
22277886 529935
-41970895 627031
65714385 407130
-77723653 6352
41674158 413409
-78016167 562611
-16128874 373047
-23592309 546712
19960747 124951
36176682 261734
45092363 756596
-69404583 27780
32057133 687383
3830297 280320
28375026 589854
84838154 675333
26811883 506350
80750224 382935
-15533674 529271
-96817844 45727
-31843385 51551
28875423 381473
23670877 532017
24282018 39498
-4083145 602252
-64382354 122806
-55426415 849984
-93819424 798038
13621705 282770
-46782241 510242
-85043206 459656
-48963776 390029
40981894 716085
38607863 167422
89326980 302087
16847548 716499
-91819155 539496
-97018969 40767
43238303 376723
40271534 765603
71602003 762182
-70250730 487209
-3747194 638124
-46183028 582274
-30062267 11106
76606501 712935
12161671 17458
3584743 102172
94734445 453579
-32522835 683828
86610545 223848
37705286 503083
-35087501 806065
24048774 415633
8483218 314116
11766149 294984
45380060 597283
-64130934 180887
-89500109 86213
49802675 139575
-77150949 534625
-76360354 379500
97353682 621858
61051693 38974
47689937 312344
-2969799 719081
-3276345 375419
598393 284760
-2109919 404473
63859902 745578
77571227 80048
7297568 226264
-98956646 231921
7863384 370090
-93350193 549447
-90437757 81431
-79934881 288820
56886509 289653
36564464 591252
91335849 497512
33308463 13176
-36523995 198581
-13183842 164663
-42246918 293931
72646474 491566
51282086 304619
17958084 28930
31026492 639772
46250193 119859
38681862 563174
44882763 10941
77594676 16748
51735824 598173
45813872 318383
-41139785 417324
-32060385 522654
10516023 401808
-295740 379389
58189936 146163
-65530097 738275
-16866410 366070
-52498066 361403
-85732665 543837
95252435 268333
-92529552 808690
36282931 272769
-12174444 654178
-79254450 432961
-80095818 442589
7803644 156471
-60212053 130568
70757481 328021
-55098490 398923
-55945823 362021
93640003 77123
37456787 806493
6048660 801489
78877574 111821
78439337 471224
2024623 407806
62756497 195966
-20844302 210653
-89007719 452802
-5324446 374891
34311923 430441
29592056 748407
44562051 161205
91749354 851725
-25248563 584279
11726456 512703
-75027935 649365
-73772223 449479
-27847796 563972
-7100587 759873
-45070047 336462
51958372 724192
-68139064 833497
68512581 501244
-57645795 725201
-53223414 40178
1581031 263742
-51560481 828177
95237856 52837
29080060 565565
56900834 5350
-58327507 452936
-94123516 697579
-2782642 111557
-41266118 267483
-99725307 589358
58329757 244793
57678267 400564
39611862 52228
42218334 265830
22734973 743999
-41948319 529492
34121252 28932
63229534 38056
99218964 804714
80000873 665101
79629016 267861
53221867 738842
-1092490 711544
96898211 368503
77838608 65397
75708142 415957
-90470317 750090
53383231 850406
78039733 163731
25196610 509927
-31822499 273424
-98614910 490354
94479010 111070
-10625225 681990
-17327612 708010
-9090211 49743
-35041206 43327
82594611 786732
-75129057 385489
-8756689 214669
46357526 818894
-75887210 219113
-66370144 140658
22988637 227907
18839593 361783
60131571 550265
-60846259 760759
72220674 414824
-40199520 2714
70846715 517467
-56013156 521699
-85669293 406669
62938176 618131
53759372 320676
58959175 78491
51571699 616631
28520111 759061
-88819257 82479
-46897686 492077
75571773 779779
91546528 335737
93761361 684326
-93275426 169462
69152502 757286
-81351260 214373
52331721 405349
60490472 680492
-12215873 441351
-82146250 394195
11331082 515394
75326556 822093
53176963 220268
34994005 580116
-39151190 500360
67194635 499463
17294213 750196
-49058232 181008
75772787 775420
7739969 92971
-10007776 372713
-70286998 664018
-17177351 89152
-30026487 610583
83476384 174639
-60978137 335217
-91032337 738552
41068688 493172
30037096 207769
73208965 668820
13202838 50271
-98398114 805109
19218987 478639
62352448 81937
-17620446 734707
68350551 31567
78611387 839515
44518921 624024
87498460 416772
81724758 724610
-94017128 205299
-59531032 596062
93361236 329769
90720795 302982
91832107 736771
-57677450 652396
3219162 123557
70724508 246531
81652618 715601
67219360 789687
-26930502 765152
34982124 242164
87591041 189678
38377341 449714
-36521416 454431
-73051762 22268
13369213 606945
-23976226 519878
-60717414 839601
1001653 466157
41465607 311472
-28784570 426470
33505236 36016
26215940 532019
-16310423 123829
23223716 128186
-78456873 589796
644055 247058
-87052567 554955
45963994 305515
35924887 357736
-79879301 51043
98532710 229397
-24822989 111568
51797696 207146
89263910 715486
85494515 145566
40148972 771565
-12523531 45793
13618320 88358
38178888 478276
48823865 623173
52154463 575830
40565384 92915
22095568 552197
-394312 171014
-35606339 513941
-56583327 548054
-53955565 664472
33690949 779177
29215836 193453
55579164 589590
19879558 677732
-43234591 439824
-47179540 531161
69486806 778702
-53777878 277712
-98086337 593696
-27459601 31923
-54747994 772788
-10463837 261242
-92035235 284296
58402542 384147
-14146395 156790
76772450 219314
-7029908 320041
-96384580 261400
84576495 425358
61528235 420417
75158650 480531
-17008538 8439
59502688 108301
-46039362 480217
31781964 171283
33771324 461415
19922139 505577
38931185 722888
-2926287 798452
91070998 311145
-45839260 79490
-95814882 536117
80386975 748144
-18733941 521652
18234365 159841
74169652 245363
-68399268 777730
79817166 652228
76340685 716722
-78336186 746264
11608257 344385
23458454 13254
21211154 213694
27779864 515852
15956113 655801
-60765147 96064
54370150 758131
-70162213 431465
42884179 77141
67944038 272659
-74636783 545476
-91290518 544233
-58030737 627751
94068321 380834
90089144 591234
-34129373 591949
94582120 702265
33960855 268487
42748219 6158
10722817 727848
47054453 85344
-59077289 850317
19504933 400927
91555839 795935
-76114625 209623
82654286 32757
-19311539 267163
13424710 213454
77530260 101064
35462192 763146
53763797 97787
91805668 636553
-22272113 127141
-74047471 56253
46262515 384581
19286762 420142
20320247 200886
-77077368 181280
-48728552 580575
79610281 194908
-47973674 800810
-68072285 631249
-25333282 744740
36128203 785430
95494174 60609
-36734342 639933
78012874 457358
85022844 701495
86438826 401505
85590821 772515
95257570 51177
68304805 292467
-75394342 492734
-96814865 606838
1510042 598655
72052387 562399
-63378472 701366
21043657 627769
-53338026 200441
14022876 437379
76826392 351803
74681012 21044
58397326 504046
56517829 226820
-34866023 103788
-46052989 285097
-74019543 64722
-39760828 31500
-18551145 496697
-29434898 497845
-6510417 417065
15869326 574073
-69846306 427312
-1636795 710137
92777897 399087
-2716725 556898
82989383 314145
10430723 715058
2724580 386152
63287237 515055
-85451157 611126
-50521028 303897
-37977949 612339
-60881657 438969
-79318729 355952
8352488 91867
74031035 141646
32434014 738896
24890767 324175
10111374 102708
49375365 431640
47402747 463870
61674363 789447
-43241082 612816
-96015779 219939
-2689895 257279
-33918429 52992
-76160663 546753
-76473476 381194
-16391908 18752
51687294 645661
58543432 142500
35514539 728580
-16426337 90878
78795729 164313
8870779 64676
-70744389 342500
-46845391 708357
-41550663 437025
84761153 722857
-71086734 108673
-38452272 379875
30626199 494103
39896483 686664
46328843 52903
-82717962 544855
90507284 636029
-93290916 68216
61129150 795643
57685557 827921
1946949 627159
-76587040 719987
-555539 350534
-87150780 463374
76090642 479919
34551699 62702
-57427988 762249
-5243397 38796
-39916132 399274
99328827 500025
-75136456 511281
34465517 831073
5924576 799436
-71164880 340433
3307042 521503
59644666 751616
438600 807347
-11513537 32437
20409960 118595
64245105 202336
-70005960 664597
-60794472 611945
26409717 478266
-60073059 475871
41530887 742584
73227544 214395
-49961446 125120
-82712796 366575
-46784474 680239
11763996 448197
90179212 269268
-72915279 258791
3934713 667505
19450223 448639
50056222 242294
42251375 299354
-15392634 818180
52279176 410047
26684466 602833
99325862 69333
-90922365 448420
-2376648 301588
-39050884 808016
-3032454 391638
-54878612 195379
-99028768 474491
-52916539 282329
-98724335 570359
-89995936 68146
86670635 6174
-89973976 511006
-60299637 211918
-20407846 806005
89688774 824361
38914919 338003
83414644 175748
-68151415 626030
46400613 773490
1353551 610231
-19131884 779333
-67386510 744713
86465343 600453
-6330674 398192
-46033058 731855
-93466458 765095
96288747 323519
84553424 270097
-7151304 101602
99363930 155396
-52340169 422247
-46158127 475940
39564330 846569
74342612 530057
1012097 711361
-93979076 378267
63236866 723845
12169548 342633
-94896998 762645
48358974 249169
64938674 637479
3480564 275263
95406308 396861
-49272428 275026
41194652 488057
81731040 824419
50496910 462927
-13232157 741473
-41938977 621308
-93488511 478435
-16944167 29972
-91114554 191959
69302281 112448
82547134 488728
-58518821 495201
-50545494 156938
-27477144 547129
63009054 824818
46202027 379593
-19212692 761868
-98364942 120468
-38630604 562142
2405632 677566
6125280 619261
-24599448 652379
-23348293 760924
98445274 402904
-57988330 160476
91314477 99788
1961957 501410
15933528 297801
47309222 551312
-9161174 563147
-84971219 602874
10128002 654188
-23196165 461199
1112199 560671
-76957059 793121
-8273835 276062
-43350093 221209
-58107435 832543
98088928 180867
82186610 53741
56802365 494660
90084519 164396
-34210937 11388
94203218 21214
1384301 847265
-81796868 850643
-59754230 1360
59385154 150929
-46427060 365994
39923356 507974
-75792955 32942
29621785 176548
-73212355 656809
42456707 332409
-97832323 37453
75133713 714728
23502622 40304
52314659 183525
-73731016 424010
43742021 428164
-72965148 659272
49634322 581780
4829390 73801
-45816453 1873
57579751 180960
3643156 206618
-42253273 651886
68860753 512331
-7360760 215378
33190791 763232
75221229 729830
49646614 77066
84355974 239001
-285149 739732
53214559 404707
97606846 7623
-53398859 791256
93498109 744517
10630022 838939
-92760381 285262
-50673183 328049
19067021 415374
-37445970 387963
86993511 842680
-951906 17159
-39490145 358551
-74018142 228524
-32737475 221805
88921480 809784
-88086458 807178
79064694 21881
62584638 64521
-98378358 250934
-99305894 555428
-39323822 84508
57106872 14472
-16909213 758330
-13744010 794691
1322562 556790
-34795254 599970
93182670 653414
-11279672 434954
-86623051 777970
47644444 323898
70168613 490730
-40686472 526228
92973541 768172
-82780097 438662
-40397818 153124
97928622 169434
78217844 337295
93984159 706089
-71262677 510918
16532610 248241
-35557716 654901
-37092965 592838
-76322713 12293
60889292 659567
-82164783 483197
89250998 599262
-91743806 475394
33158382 337043
-5633348 610659
-1584427 212644
14358994 733828
37587626 744663
-28054921 97217
1314885 167888
-28971299 693774
81031278 412949
99923731 283521
-40161071 146550
-62560693 503763
69989460 528527
40659011 410493
96375983 634231
2061272 706499
69639486 286666
85060327 58232
61332384 126429
28937530 560408
9750855 195757
52565252 833122
39184589 595031
14608413 517205
26135391 781438
-14896168 26014
46523217 104115
-74516770 703502
-97241589 600118
-52890528 600046
36905104 694690
-74434216 346208
-21834641 296928
-83994936 801695
84806970 209126
8737689 532114
27108406 553770
45642864 387733
8099064 441290
-70602467 713209
-12603752 244402
45227634 476817
27339676 244352
33663478 637425
-1769713 335489
47543275 245905
851895
