1000
99999999 100000000
99999998 100000000
99999997 100000000
99999996 100000000
99999995 100000000
99999994 100000000
99999993 100000000
99999992 100000000
99999991 100000000
99999990 100000000
99999989 100000000
99999988 100000000
99999987 100000000
99999986 100000000
99999985 100000000
99999984 100000000
99999983 100000000
99999982 100000000
99999981 100000000
99999980 100000000
99999979 100000000
99999978 100000000
99999977 100000000
99999976 100000000
99999975 100000000
99999974 100000000
99999973 100000000
99999972 100000000
99999971 100000000
99999970 100000000
99999969 100000000
99999968 100000000
99999967 100000000
99999966 100000000
99999965 100000000
99999964 100000000
99999963 100000000
99999962 100000000
99999961 100000000
99999960 100000000
99999959 100000000
99999958 100000000
99999957 100000000
99999956 100000000
99999955 100000000
99999954 100000000
99999953 100000000
99999952 100000000
99999951 100000000
99999950 100000000
99999949 100000000
99999948 100000000
99999947 100000000
99999946 100000000
99999945 100000000
99999944 100000000
99999943 100000000
99999942 100000000
99999941 100000000
99999940 100000000
99999939 100000000
99999938 100000000
99999937 100000000
99999936 100000000
99999935 100000000
99999934 100000000
99999933 100000000
99999932 100000000
99999931 100000000
99999930 100000000
99999929 100000000
99999928 100000000
99999927 100000000
99999926 100000000
99999925 100000000
99999924 100000000
99999923 100000000
99999922 100000000
99999921 100000000
99999920 100000000
99999919 100000000
99999918 100000000
99999917 100000000
99999916 100000000
99999915 100000000
99999914 100000000
99999913 100000000
99999912 100000000
99999911 100000000
99999910 100000000
99999909 100000000
99999908 100000000
99999907 100000000
99999906 100000000
99999905 100000000
99999904 100000000
99999903 100000000
99999902 100000000
99999901 100000000
99999900 100000000
99999899 100000000
99999898 100000000
99999897 100000000
99999896 100000000
99999895 100000000
99999894 100000000
99999893 100000000
99999892 100000000
99999891 100000000
99999890 100000000
99999889 100000000
99999888 100000000
99999887 100000000
99999886 100000000
99999885 100000000
99999884 100000000
99999883 100000000
99999882 100000000
99999881 100000000
99999880 100000000
99999879 100000000
99999878 100000000
99999877 100000000
99999876 100000000
99999875 100000000
99999874 100000000
99999873 100000000
99999872 100000000
99999871 100000000
99999870 100000000
99999869 100000000
99999868 100000000
99999867 100000000
99999866 100000000
99999865 100000000
99999864 100000000
99999863 100000000
99999862 100000000
99999861 100000000
99999860 100000000
99999859 100000000
99999858 100000000
99999857 100000000
99999856 100000000
99999855 100000000
99999854 100000000
99999853 100000000
99999852 100000000
99999851 100000000
99999850 100000000
99999849 100000000
99999848 100000000
99999847 100000000
99999846 100000000
99999845 100000000
99999844 100000000
99999843 100000000
99999842 100000000
99999841 100000000
99999840 100000000
99999839 100000000
99999838 100000000
99999837 100000000
99999836 100000000
99999835 100000000
99999834 100000000
99999833 100000000
99999832 100000000
99999831 100000000
99999830 100000000
99999829 100000000
99999828 100000000
99999827 100000000
99999826 100000000
99999825 100000000
99999824 100000000
99999823 100000000
99999822 100000000
99999821 100000000
99999820 100000000
99999819 100000000
99999818 100000000
99999817 100000000
99999816 100000000
99999815 100000000
99999814 100000000
99999813 100000000
99999812 100000000
99999811 100000000
99999810 100000000
99999809 100000000
99999808 100000000
99999807 100000000
99999806 100000000
99999805 100000000
99999804 100000000
99999803 100000000
99999802 100000000
99999801 100000000
99999800 100000000
99999799 100000000
99999798 100000000
99999797 100000000
99999796 100000000
99999795 100000000
99999794 100000000
99999793 100000000
99999792 100000000
99999791 100000000
99999790 100000000
99999789 100000000
99999788 100000000
99999787 100000000
99999786 100000000
99999785 100000000
99999784 100000000
99999783 100000000
99999782 100000000
99999781 100000000
99999780 100000000
99999779 100000000
99999778 100000000
99999777 100000000
99999776 100000000
99999775 100000000
99999774 100000000
99999773 100000000
99999772 100000000
99999771 100000000
99999770 100000000
99999769 100000000
99999768 100000000
99999767 100000000
99999766 100000000
99999765 100000000
99999764 100000000
99999763 100000000
99999762 100000000
99999761 100000000
99999760 100000000
99999759 100000000
99999758 100000000
99999757 100000000
99999756 100000000
99999755 100000000
99999754 100000000
99999753 100000000
99999752 100000000
99999751 100000000
99999750 100000000
99999749 100000000
99999748 100000000
99999747 100000000
99999746 100000000
99999745 100000000
99999744 100000000
99999743 100000000
99999742 100000000
99999741 100000000
99999740 100000000
99999739 100000000
99999738 100000000
99999737 100000000
99999736 100000000
99999735 100000000
99999734 100000000
99999733 100000000
99999732 100000000
99999731 100000000
99999730 100000000
99999729 100000000
99999728 100000000
99999727 100000000
99999726 100000000
99999725 100000000
99999724 100000000
99999723 100000000
99999722 100000000
99999721 100000000
99999720 100000000
99999719 100000000
99999718 100000000
99999717 100000000
99999716 100000000
99999715 100000000
99999714 100000000
99999713 100000000
99999712 100000000
99999711 100000000
99999710 100000000
99999709 100000000
99999708 100000000
99999707 100000000
99999706 100000000
99999705 100000000
99999704 100000000
99999703 100000000
99999702 100000000
99999701 100000000
99999700 100000000
99999699 100000000
99999698 100000000
99999697 100000000
99999696 100000000
99999695 100000000
99999694 100000000
99999693 100000000
99999692 100000000
99999691 100000000
99999690 100000000
99999689 100000000
99999688 100000000
99999687 100000000
99999686 100000000
99999685 100000000
99999684 100000000
99999683 100000000
99999682 100000000
99999681 100000000
99999680 100000000
99999679 100000000
99999678 100000000
99999677 100000000
99999676 100000000
99999675 100000000
99999674 100000000
99999673 100000000
99999672 100000000
99999671 100000000
99999670 100000000
99999669 100000000
99999668 100000000
99999667 100000000
99999666 100000000
99999665 100000000
99999664 100000000
99999663 100000000
99999662 100000000
99999661 100000000
99999660 100000000
99999659 100000000
99999658 100000000
99999657 100000000
99999656 100000000
99999655 100000000
99999654 100000000
99999653 100000000
99999652 100000000
99999651 100000000
99999650 100000000
99999649 100000000
99999648 100000000
99999647 100000000
99999646 100000000
99999645 100000000
99999644 100000000
99999643 100000000
99999642 100000000
99999641 100000000
99999640 100000000
99999639 100000000
99999638 100000000
99999637 100000000
99999636 100000000
99999635 100000000
99999634 100000000
99999633 100000000
99999632 100000000
99999631 100000000
99999630 100000000
99999629 100000000
99999628 100000000
99999627 100000000
99999626 100000000
99999625 100000000
99999624 100000000
99999623 100000000
99999622 100000000
99999621 100000000
99999620 100000000
99999619 100000000
99999618 100000000
99999617 100000000
99999616 100000000
99999615 100000000
99999614 100000000
99999613 100000000
99999612 100000000
99999611 100000000
99999610 100000000
99999609 100000000
99999608 100000000
99999607 100000000
99999606 100000000
99999605 100000000
99999604 100000000
99999603 100000000
99999602 100000000
99999601 100000000
99999600 100000000
99999599 100000000
99999598 100000000
99999597 100000000
99999596 100000000
99999595 100000000
99999594 100000000
99999593 100000000
99999592 100000000
99999591 100000000
99999590 100000000
99999589 100000000
99999588 100000000
99999587 100000000
99999586 100000000
99999585 100000000
99999584 100000000
99999583 100000000
99999582 100000000
99999581 100000000
99999580 100000000
99999579 100000000
99999578 100000000
99999577 100000000
99999576 100000000
99999575 100000000
99999574 100000000
99999573 100000000
99999572 100000000
99999571 100000000
99999570 100000000
99999569 100000000
99999568 100000000
99999567 100000000
99999566 100000000
99999565 100000000
99999564 100000000
99999563 100000000
99999562 100000000
99999561 100000000
99999560 100000000
99999559 100000000
99999558 100000000
99999557 100000000
99999556 100000000
99999555 100000000
99999554 100000000
99999553 100000000
99999552 100000000
99999551 100000000
99999550 100000000
99999549 100000000
99999548 100000000
99999547 100000000
99999546 100000000
99999545 100000000
99999544 100000000
99999543 100000000
99999542 100000000
99999541 100000000
99999540 100000000
99999539 100000000
99999538 100000000
99999537 100000000
99999536 100000000
99999535 100000000
99999534 100000000
99999533 100000000
99999532 100000000
99999531 100000000
99999530 100000000
99999529 100000000
99999528 100000000
99999527 100000000
99999526 100000000
99999525 100000000
99999524 100000000
99999523 100000000
99999522 100000000
99999521 100000000
99999520 100000000
99999519 100000000
99999518 100000000
99999517 100000000
99999516 100000000
99999515 100000000
99999514 100000000
99999513 100000000
99999512 100000000
99999511 100000000
99999510 100000000
99999509 100000000
99999508 100000000
99999507 100000000
99999506 100000000
99999505 100000000
99999504 100000000
99999503 100000000
99999502 100000000
99999501 100000000
99999500 100000000
99999499 100000000
99999498 100000000
99999497 100000000
99999496 100000000
99999495 100000000
99999494 100000000
99999493 100000000
99999492 100000000
99999491 100000000
99999490 100000000
99999489 100000000
99999488 100000000
99999487 100000000
99999486 100000000
99999485 100000000
99999484 100000000
99999483 100000000
99999482 100000000
99999481 100000000
99999480 100000000
99999479 100000000
99999478 100000000
99999477 100000000
99999476 100000000
99999475 100000000
99999474 100000000
99999473 100000000
99999472 100000000
99999471 100000000
99999470 100000000
99999469 100000000
99999468 100000000
99999467 100000000
99999466 100000000
99999465 100000000
99999464 100000000
99999463 100000000
99999462 100000000
99999461 100000000
99999460 100000000
99999459 100000000
99999458 100000000
99999457 100000000
99999456 100000000
99999455 100000000
99999454 100000000
99999453 100000000
99999452 100000000
99999451 100000000
99999450 100000000
99999449 100000000
99999448 100000000
99999447 100000000
99999446 100000000
99999445 100000000
99999444 100000000
99999443 100000000
99999442 100000000
99999441 100000000
99999440 100000000
99999439 100000000
99999438 100000000
99999437 100000000
99999436 100000000
99999435 100000000
99999434 100000000
99999433 100000000
99999432 100000000
99999431 100000000
99999430 100000000
99999429 100000000
99999428 100000000
99999427 100000000
99999426 100000000
99999425 100000000
99999424 100000000
99999423 100000000
99999422 100000000
99999421 100000000
99999420 100000000
99999419 100000000
99999418 100000000
99999417 100000000
99999416 100000000
99999415 100000000
99999414 100000000
99999413 100000000
99999412 100000000
99999411 100000000
99999410 100000000
99999409 100000000
99999408 100000000
99999407 100000000
99999406 100000000
99999405 100000000
99999404 100000000
99999403 100000000
99999402 100000000
99999401 100000000
99999400 100000000
99999399 100000000
99999398 100000000
99999397 100000000
99999396 100000000
99999395 100000000
99999394 100000000
99999393 100000000
99999392 100000000
99999391 100000000
99999390 100000000
99999389 100000000
99999388 100000000
99999387 100000000
99999386 100000000
99999385 100000000
99999384 100000000
99999383 100000000
99999382 100000000
99999381 100000000
99999380 100000000
99999379 100000000
99999378 100000000
99999377 100000000
99999376 100000000
99999375 100000000
99999374 100000000
99999373 100000000
99999372 100000000
99999371 100000000
99999370 100000000
99999369 100000000
99999368 100000000
99999367 100000000
99999366 100000000
99999365 100000000
99999364 100000000
99999363 100000000
99999362 100000000
99999361 100000000
99999360 100000000
99999359 100000000
99999358 100000000
99999357 100000000
99999356 100000000
99999355 100000000
99999354 100000000
99999353 100000000
99999352 100000000
99999351 100000000
99999350 100000000
99999349 100000000
99999348 100000000
99999347 100000000
99999346 100000000
99999345 100000000
99999344 100000000
99999343 100000000
99999342 100000000
99999341 100000000
99999340 100000000
99999339 100000000
99999338 100000000
99999337 100000000
99999336 100000000
99999335 100000000
99999334 100000000
99999333 100000000
99999332 100000000
99999331 100000000
99999330 100000000
99999329 100000000
99999328 100000000
99999327 100000000
99999326 100000000
99999325 100000000
99999324 100000000
99999323 100000000
99999322 100000000
99999321 100000000
99999320 100000000
99999319 100000000
99999318 100000000
99999317 100000000
99999316 100000000
99999315 100000000
99999314 100000000
99999313 100000000
99999312 100000000
99999311 100000000
99999310 100000000
99999309 100000000
99999308 100000000
99999307 100000000
99999306 100000000
99999305 100000000
99999304 100000000
99999303 100000000
99999302 100000000
99999301 100000000
99999300 100000000
99999299 100000000
99999298 100000000
99999297 100000000
99999296 100000000
99999295 100000000
99999294 100000000
99999293 100000000
99999292 100000000
99999291 100000000
99999290 100000000
99999289 100000000
99999288 100000000
99999287 100000000
99999286 100000000
99999285 100000000
99999284 100000000
99999283 100000000
99999282 100000000
99999281 100000000
99999280 100000000
99999279 100000000
99999278 100000000
99999277 100000000
99999276 100000000
99999275 100000000
99999274 100000000
99999273 100000000
99999272 100000000
99999271 100000000
99999270 100000000
99999269 100000000
99999268 100000000
99999267 100000000
99999266 100000000
99999265 100000000
99999264 100000000
99999263 100000000
99999262 100000000
99999261 100000000
99999260 100000000
99999259 100000000
99999258 100000000
99999257 100000000
99999256 100000000
99999255 100000000
99999254 100000000
99999253 100000000
99999252 100000000
99999251 100000000
99999250 100000000
99999249 100000000
99999248 100000000
99999247 100000000
99999246 100000000
99999245 100000000
99999244 100000000
99999243 100000000
99999242 100000000
99999241 100000000
99999240 100000000
99999239 100000000
99999238 100000000
99999237 100000000
99999236 100000000
99999235 100000000
99999234 100000000
99999233 100000000
99999232 100000000
99999231 100000000
99999230 100000000
99999229 100000000
99999228 100000000
99999227 100000000
99999226 100000000
99999225 100000000
99999224 100000000
99999223 100000000
99999222 100000000
99999221 100000000
99999220 100000000
99999219 100000000
99999218 100000000
99999217 100000000
99999216 100000000
99999215 100000000
99999214 100000000
99999213 100000000
99999212 100000000
99999211 100000000
99999210 100000000
99999209 100000000
99999208 100000000
99999207 100000000
99999206 100000000
99999205 100000000
99999204 100000000
99999203 100000000
99999202 100000000
99999201 100000000
99999200 100000000
99999199 100000000
99999198 100000000
99999197 100000000
99999196 100000000
99999195 100000000
99999194 100000000
99999193 100000000
99999192 100000000
99999191 100000000
99999190 100000000
99999189 100000000
99999188 100000000
99999187 100000000
99999186 100000000
99999185 100000000
99999184 100000000
99999183 100000000
99999182 100000000
99999181 100000000
99999180 100000000
99999179 100000000
99999178 100000000
99999177 100000000
99999176 100000000
99999175 100000000
99999174 100000000
99999173 100000000
99999172 100000000
99999171 100000000
99999170 100000000
99999169 100000000
99999168 100000000
99999167 100000000
99999166 100000000
99999165 100000000
99999164 100000000
99999163 100000000
99999162 100000000
99999161 100000000
99999160 100000000
99999159 100000000
99999158 100000000
99999157 100000000
99999156 100000000
99999155 100000000
99999154 100000000
99999153 100000000
99999152 100000000
99999151 100000000
99999150 100000000
99999149 100000000
99999148 100000000
99999147 100000000
99999146 100000000
99999145 100000000
99999144 100000000
99999143 100000000
99999142 100000000
99999141 100000000
99999140 100000000
99999139 100000000
99999138 100000000
99999137 100000000
99999136 100000000
99999135 100000000
99999134 100000000
99999133 100000000
99999132 100000000
99999131 100000000
99999130 100000000
99999129 100000000
99999128 100000000
99999127 100000000
99999126 100000000
99999125 100000000
99999124 100000000
99999123 100000000
99999122 100000000
99999121 100000000
99999120 100000000
99999119 100000000
99999118 100000000
99999117 100000000
99999116 100000000
99999115 100000000
99999114 100000000
99999113 100000000
99999112 100000000
99999111 100000000
99999110 100000000
99999109 100000000
99999108 100000000
99999107 100000000
99999106 100000000
99999105 100000000
99999104 100000000
99999103 100000000
99999102 100000000
99999101 100000000
99999100 100000000
99999099 100000000
99999098 100000000
99999097 100000000
99999096 100000000
99999095 100000000
99999094 100000000
99999093 100000000
99999092 100000000
99999091 100000000
99999090 100000000
99999089 100000000
99999088 100000000
99999087 100000000
99999086 100000000
99999085 100000000
99999084 100000000
99999083 100000000
99999082 100000000
99999081 100000000
99999080 100000000
99999079 100000000
99999078 100000000
99999077 100000000
99999076 100000000
99999075 100000000
99999074 100000000
99999073 100000000
99999072 100000000
99999071 100000000
99999070 100000000
99999069 100000000
99999068 100000000
99999067 100000000
99999066 100000000
99999065 100000000
99999064 100000000
99999063 100000000
99999062 100000000
99999061 100000000
99999060 100000000
99999059 100000000
99999058 100000000
99999057 100000000
99999056 100000000
99999055 100000000
99999054 100000000
99999053 100000000
99999052 100000000
99999051 100000000
99999050 100000000
99999049 100000000
99999048 100000000
99999047 100000000
99999046 100000000
99999045 100000000
99999044 100000000
99999043 100000000
99999042 100000000
99999041 100000000
99999040 100000000
99999039 100000000
99999038 100000000
99999037 100000000
99999036 100000000
99999035 100000000
99999034 100000000
99999033 100000000
99999032 100000000
99999031 100000000
99999030 100000000
99999029 100000000
99999028 100000000
99999027 100000000
99999026 100000000
99999025 100000000
99999024 100000000
99999023 100000000
99999022 100000000
99999021 100000000
99999020 100000000
99999019 100000000
99999018 100000000
99999017 100000000
99999016 100000000
99999015 100000000
99999014 100000000
99999013 100000000
99999012 100000000
99999011 100000000
99999010 100000000
99999009 100000000
99999008 100000000
99999007 100000000
99999006 100000000
99999005 100000000
99999004 100000000
99999003 100000000
99999002 100000000
99999001 100000000
99999000 100000000
10000
