200
-5635 3330
-9518 2169
9393 3560
1704 2543
-4093 1311
3563 2086
-4448 523
8938 3535
-476 479
-650 866
112 2063
-3409 1930
201 589
-2428 1979
-879 3466
-4461 47
5974 3464
1415 281
1507 590
4746 531
-3691 1198
-5230 2069
-6283 1480
-2625 3557
-3311 1614
6595 3323
9752 3022
-923 1189
-2247 1723
-7659 3572
-3842 1204
9408 1795
-742 3518
2632 3398
5600 437
-2904 1153
-340 1504
-7168 2601
6941 2428
-7889 1338
-9144 3023
-4286 1863
124 893
882 1331
2799 1937
9210 1191
-2980 2787
4037 1332
4982 2676
-5581 288
1417 282
-2170 1739
4323 1633
-5390 3599
7975 3042
-4335 2664
-2960 634
1953 1250
-4741 2321
7885 1044
4401 771
-2906 2887
4489 3269
-5815 1269
7701 2285
-1212 709
3963 215
4172 1278
468 224
1019 2605
197 1448
-5043 478
-5069 863
5448 818
-351 1678
9418 1114
-3223 2399
-6575 2870
-302 1770
8279 1152
-146 46
-4464 2609
2044 1731
-3415 3239
873 21
-3596 2291
4638 2829
6862 2243
-779 2732
-3493 1848
1056 1202
8627 2480
-8290 409
-5419 1335
7612 113
-6125 294
-5218 3253
4570 3333
5276 55
-2740 3231
9302 2537
-933 1281
5803 1813
9970 2450
-4987 2383
-9041 844
533 251
-2982 2345
2525 2749
-800 792
3342 2983
3919 3065
5725 1494
4693 461
-5458 2304
6044 3398
2745 2120
6822 2337
-5170 3138
4067 3108
5602 1920
5374 479
2240 2783
8780 597
-9965 2445
-9375 462
9167 3509
-9880 648
6061 3084
-6789 1085
8243 526
-8492 883
1900 3027
-3701 910
8229 414
6891 2786
-2896 753
-3278 1360
-306 3544
2095 1740
6284 641
-184 595
-8557 2540
7995 1401
-6391 2486
-9086 685
1366 1166
920 2515
-869 1627
-5374 13
7147 438
9417 557
4946 3107
-7 1
2924 2867
6136 2015
-8200 2439
-4239 808
-3883 1780
-523 3108
6456 1574
-3744 2071
-9821 102
-984 2392
-8192 212
-4902 231
-8905 79
-2044 2370
4771 2963
706 1694
-6321 3270
-1153 2630
5509 2102
-4332 1667
-9238 1727
2338 1613
-8162 475
-7389 2015
8189 2721
-4289 1146
-9101 2547
628 3158
-6131 901
5615 863
-7449 3433
1092 680
2442 1759
9990 47
173 3001
-4973 1010
-186 1764
-3487 864
647 2367
-8139 3191
-2250 1122
-9355 94
-9048 2067
8555 1275
-9540 2343
-4910 1757
3600
