200
6099 201
-8823 4381
-8067 4750
-2075 7506
-2852 1261
6863 443
-2595 872
-2322 2703
8227 4627
8434 7480
6196 729
5023 5607
7387 6922
9584 5449
8359 186
6125 213
9668 2689
-3268 3282
5060 5360
5170 2298
1200 2176
-7655 3665
9938 5082
6810 1083
7968 2863
-4346 4327
8003 4081
-2808 3435
-4269 5446
-4538 5676
-5432 2953
-3649 7351
-7144 869
-5343 1334
1 3997
-6913 6270
-9967 3278
-7744 5797
2394 2157
-5422 4834
-7340 3620
-2199 5020
6185 6217
2344 6043
-138 4905
4170 8161
526 6577
3522 4058
7452 2038
2654 5084
3825 4271
-6888 2885
-4266 529
3029 1875
-4405 3404
-8612 7649
-4475 2449
-3585 1499
-5940 1806
2872 6255
2435 3940
1022 1152
-7065 3798
9293 1345
9264 182
-8251 555
7091 587
-2135 3166
-803 742
901 4268
890 2326
-9431 3072
134 6162
8744 4827
7444 1784
451 5733
7041 7259
3114 7274
-2090 3627
-9338 7364
-1238 1265
7009 5597
9046 1546
-8808 6914
-9101 7710
7227 3394
5593 7425
5682 6484
2320 6156
587 879
-8409 1988
-6672 4030
-2752 5533
2019 3359
5912 2456
-3581 5115
-8963 441
-6575 4366
7014 6710
-3789 7133
8108 780
-4642 6192
-8053 5576
4517 3828
-9211 1705
4770 6022
-5830 5275
1080 4016
8802 5418
763 7645
-9969 178
-7791 183
-5153 3644
-7636 93
981 6492
-2040 278
-8277 4311
-2218 100
6304 3262
7886 2181
-3608 2816
-8527 1009
-2204 103
-2770 5701
-8632 4560
4598 5049
8546 1558
1759 5806
8228 782
-2050 7459
9388 3717
3137 2302
1010 3023
9074 5801
1483 5539
-8950 3391
68 5495
335 5453
5475 6153
3643 2721
-3069 7870
-8648 7038
-4078 7424
1684 8036
-1009 6871
4023 2159
14 6562
2536 4319
-7403 7484
1609 7593
6712 4989
3543 653
7566 5499
3988 7466
-5775 4602
6539 5224
5107 8196
9725 1411
-2414 7542
-9152 1021
9456 1989
2590 1999
-4063 5103
-891 2876
6977 994
-8736 3687
6700 4117
3094 5010
-3930 2153
6542 2223
6731 6012
-173 1219
47 3451
-8964 4244
-6806 7385
-1859 5247
1383 3026
-8238 953
-6380 3202
-6826 3444
4783 222
252 7747
-3374 3769
1193 7339
-3169 6072
-8711 8192
8161 5208
3869 2754
7413 6363
-7365 501
9101 841
-3336 6341
-9785 7415
-6143 3862
8088 345
3181 2501
3356 4092
2027 1934
8628 7100
-8722 2325
8209
