200
5900 6025
8818 4190
2721 2432
417 3506
-9294 391
-2232 7734
3046 4879
3344 2420
7609 3214
2374 7970
4166 4832
-8741 3437
-1110 3090
3888 1831
-6039 2936
4239 1112
174 3530
217 503
-8953 207
2440 7412
1581 7723
545 7285
-3523 4354
5814 5028
-2356 6226
-977 5014
-5199 2540
8382 3445
7496 2671
-6109 3056
-7278 4504
-8269 1712
-1615 4306
6658 7156
2289 5380
8397 7174
7420 6246
139 6456
6867 6477
-7598 6964
3949 3719
-4472 7037
-7734 7232
5126 7786
5444 2363
6174 5303
-6588 426
-3647 1399
6103 2754
-4517 3226
-6921 6499
-5442 6629
2339 7928
-3277 7243
-7791 7682
2810 6685
-1554 3565
9362 6056
546 6609
-8502 806
3680 7715
-4997 763
-8029 5732
-893 1796
-1177 2036
1755 3586
6466 2464
1214 6442
-6632 1283
1797 1577
-1649 1368
-2604 27
7131 1939
-4579 2215
-8920 3644
-2589 3726
148 3217
-4598 7675
1680 7753
2472 1612
-7991 7281
376 5653
-1066 2156
5937 5104
3207 6836
-9411 2948
2499 6650
8637 7494
-5745 1423
-982 2919
-8561 5076
-8217 4743
-2468 952
-7752 2016
6800 1447
-4490 488
-9703 5822
2447 4702
7611 1004
-6979 2606
-1248 3672
8362 1722
-6150 6494
-4018 4601
-4441 6696
2981 3929
2328 1408
5109 6267
5436 3769
-3684 368
4265 6640
5841 5125
-4048 1539
5078 7703
7761 6466
-7164 4365
-8711 5749
4233 7121
-696 2480
6795 621
1708 5442
-9624 3150
42 4153
-4358 4992
-304 2333
-1087 6295
-4216 5165
-4209 3255
-444 2598
9279 2821
9243 6062
6173 4733
-249 980
4736 7760
-434 1362
-2211 5137
4482 7489
2071 4653
7013 2882
7639 7709
-2896 323
-280 8014
1506 4907
5754 746
4048 3044
-7919 3506
-9234 6531
6410 7617
1616 1955
-7913 1619
5403 3293
-7530 526
5313 6840
4874 3892
-3256 1466
-2219 1127
-9911 5767
6430 2862
-9642 1584
-2098 4690
-9439 7451
6978 7300
-1280 2930
4669 6553
6529 252
2978 2107
-3896 245
5081 1480
-1864 3803
-6512 3631
3871 6794
-3486 853
-6892 2744
-8518 3176
-6609 1165
-4022 6296
8341 6862
-5042 2829
2301 6192
-251 4077
7694 2237
-4822 5830
8869 7905
-5771 2375
3371 4068
4603 3086
5205 3805
-983 6735
4127 7129
-6029 7974
7578 4665
-3167 2554
2220 3928
6115 4725
58 982
6934 2457
3594 6959
-4388 7459
9199 3739
-9689 3957
8093
