200
-787 3108
-6735 1076
9297 3575
4371 1446
-9009 1477
-2409 3459
-4184 270
3120 3615
5601 1595
643 407
8143 831
-6852 125
-6283 1981
-8484 2335
6708 826
-2881 1677
-1775 1666
-258 3707
9782 425
6613 3336
-1282 923
3890 1222
2872 2979
-1307 617
7524 1453
-2154 3136
-1827 3504
-5527 111
6994 844
5916 2434
-316 549
-3380 3562
-1737 3720
-647 2827
-9461 2171
-461 2016
3948 1652
6887 3594
1713 3267
-8106 1625
-8279 3638
-6955 2620
3362 2183
2681 401
8127 1946
-9618 2174
-2055 1795
-4069 1170
9979 1240
-187 1647
7550 3430
-132 1464
-2062 1733
-8433 2681
2700 194
9481 1337
-708 1449
5934 1830
7182 1007
-7714 880
549 3569
-6700 425
560 2965
1709 1165
-5469 170
7848 654
-3507 2762
7150 665
1354 3736
3912 249
4514 218
71 1449
7986 348
8076 3215
399 2092
-2379 1705
8686 414
-3984 3332
-2193 747
-5324 2427
1600 2635
-5657 1331
368 2953
9296 2841
3140 3057
-9507 1774
9531 1692
-6089 1052
-1108 2008
977 2713
-434 1867
115 1099
-2291 141
9751 3360
-6584 3586
-4305 3863
-336 2907
-7959 2067
-2711 1474
559 299
-244 2674
1939 858
-4143 3234
4337 3848
-6171 357
161 201
-4398 1614
5014 3618
-4559 3570
-5932 2395
-3326 3117
-5630 25
-8809 3640
8859 1859
5555 3116
6369 2535
2221 1533
-9753 2889
2285 1939
-2554 1362
312 3574
-9485 2052
-9525 2385
2906 359
6292 2876
4947 2839
9809 748
6561 2559
-7505 3207
9898 3272
26 1337
-1495 3660
6089 1796
7656 2053
4585 2131
-8353 228
410 3754
-4350 1556
8589 1451
-428 1992
63 2932
1787 2477
2541 176
-5291 2243
46 3625
3876 1853
8717 3176
7197 1253
-2434 1143
-2227 2036
-7298 3540
-7098 1639
4986 2901
5524 2089
861 2669
6960 1957
5943 93
5808 1274
4395 1984
5608 1444
-5322 1213
-6156 352
9984 2159
335 126
3133 3516
-3 324
-9051 2291
-2908 1964
-9024 2978
1866 911
3901 1042
-1013 1742
4286 2584
-725 3559
-6779 2481
4478 3104
-3801 1788
3204 1911
-4366 1556
5557 3285
-2318 381
3648 2618
-7708 2190
-9955 639
-3233 3750
-9931 2372
-4999 639
6688 3682
-9049 426
9443 3255
-3849 3307
-2578 1155
3808 1287
2632 357
8571 2226
-1287 750
-9011 3287
-6540 429
-7756 2765
-1440 1509
3881
