200
-13335580 899302
22938744 690489
73018981 1262313
27954605 393596
-76012228 62869
-51186682 1618415
-53683167 466190
77295395 630510
62012941 1521826
-33713075 1200110
32729846 1111910
5512061 685100
-11471068 739632
73111116 1549122
55187222 174641
-76146745 1030324
-58307520 1105429
75515715 1469771
-114438 1432706
39407847 1347945
86308471 579396
-84592426 174216
96856406 1620426
71600718 926457
60544253 361224
-54144657 682155
-74741544 1669659
36506405 1437124
-22388224 1656106
-60910775 1381359
27617452 1391780
-58112021 1568279
-83540317 1233176
-44508253 789897
77402283 1242221
-15661205 873455
42224024 1274816
-5627260 1735912
10528045 1514527
-21344582 1775485
-11895280 345952
-22873564 1640435
-239556 1378332
56185717 474287
21348229 334341
82384125 1613142
64437365 145813
-98060378 1016292
-89180026 929950
46990167 1743464
3890591 155830
28366021 351979
61690226 461679
91746851 1602544
-84547547 1196084
65635619 484226
-91609806 681928
53432531 736598
-21844899 446454
61328946 651050
13358026 1160834
18960430 682079
77297980 180254
-62513173 253762
89413244 1636647
-84529301 1658941
81422529 184710
17880585 446525
65917081 1236129
-19743572 531966
91360232 120207
-99827830 850290
12375953 279045
69723443 499122
25832817 725715
-77457628 1707681
-84841868 1634778
-20355262 1701078
-68354674 1162476
-91452466 1466213
-44137566 833064
89272658 391021
90065056 714445
68266327 192435
-67066979 1030024
20884904 1491904
60718065 1700366
-38332985 180462
-90857481 1102334
-32576923 1180581
-33308461 1699259
17868984 1609549
-88358239 909253
-97163105 839699
22150874 918600
13826476 724749
-40223879 180794
60415188 1113959
67414049 465940
-97255624 1252138
38060367 31468
79360072 1527889
-72142213 207219
-70882686 1537156
-5447575 791486
7029869 1292451
-59411562 1771268
-34620131 147675
20434424 849757
18372912 271561
-34482919 307093
61642894 989334
14800724 1430738
89454715 112840
92980487 760981
28414458 570690
46134176 124603
-21745803 259279
-90225574 54845
-89799507 1294455
73117627 1581852
-64624137 95080
92922343 768185
2825759 770851
-92253856 593521
-1623122 1087411
10334936 1070885
-43232583 694934
-39575444 1122264
45668480 8341
90259639 659485
-56080457 1333488
62875898 575020
65530918 990205
-57340014 939212
60673056 292302
19335191 1686897
65718868 814746
-50408870 1770478
48861467 1728040
56149781 690621
-53007789 1602472
19652594 1589469
-42093022 141938
-26149887 243349
-59414750 1101335
14605351 1633842
-74706866 311809
73121955 120597
-55027840 738735
33088786 177903
99895230 581766
-75981759 1260456
97903427 929866
9736521 1193377
-27578116 508312
-79277741 1590401
25961762 236570
92194511 421963
-90258722 1408943
6343654 1130528
40696725 921768
-26320855 1431665
-85815529 1327240
-99886197 1331480
-2552926 846717
66422161 1199304
56443833 424704
-91374119 619314
80492728 58597
67922526 709596
-78601701 1706947
82856481 1361776
81837552 28539
53837674 599525
68448425 1277001
-40440088 155849
56928617 218666
73959331 1107874
47769332 39562
79763395 733087
-97214527 413177
-27483065 832382
-98312007 895283
-65354479 1723204
38139107 58752
64289432 1413338
-28317969 1379539
25011266 1607097
76153501 1009644
-23735162 946509
-92786840 772574
-25162204 886364
-44921803 152762
-81065190 679760
-74178639 117534
-48748060 1784773
26631038 74004
-75134397 1482276
-16823207 221091
898142
