1000
10000 6724
30000 15619
50000 10050
70000 20179
90000 2001
110000 12239
130000 14710
150000 2015
170000 2979
190000 3334
210000 12734
230000 2479
250000 9535
270000 12669
290000 13101
310000 18762
330000 10022
350000 17547
370000 16891
390000 10728
410000 28933
430000 25985
450000 2549
470000 11142
490000 23474
510000 23001
530000 23463
550000 7846
570000 18663
590000 16769
610000 6411
630000 21014
650000 21903
670000 14898
690000 22160
710000 13594
730000 4076
750000 1502
770000 6212
790000 24937
810000 18745
830000 19570
850000 17562
870000 2832
890000 24543
910000 3573
930000 5416
950000 12097
970000 20711
990000 11639
1010000 870
1030000 1741
1050000 10963
1070000 235
1090000 17399
1110000 23531
1130000 3247
1150000 17211
1170000 9713
1190000 967
1210000 2394
1230000 14779
1250000 2910
1270000 7632
1290000 14576
1310000 17827
1330000 588
1350000 22791
1370000 13334
1390000 7779
1410000 27295
1430000 12070
1450000 4407
1470000 1260
1490000 28092
1510000 4419
1530000 7919
1550000 14838
1570000 13495
1590000 22303
1610000 28879
1630000 13784
1650000 22137
1670000 24392
1690000 9389
1710000 5381
1730000 1522
1750000 11233
1770000 11371
1790000 27936
1810000 19187
1830000 29873
1850000 10973
1870000 19810
1890000 23517
1910000 27405
1930000 3828
1950000 28350
1970000 25118
1990000 12734
2010000 8962
2030000 8872
2050000 18051
2070000 9221
2090000 12980
2110000 11742
2130000 27469
2150000 367
2170000 27900
2190000 9168
2210000 14080
2230000 2315
2250000 14229
2270000 25278
2290000 18670
2310000 18347
2330000 23383
2350000 20688
2370000 11736
2390000 18765
2410000 23001
2430000 21120
2450000 14349
2470000 5723
2490000 12645
2510000 4107
2530000 26644
2550000 5178
2570000 9695
2590000 15714
2610000 9515
2630000 11636
2650000 29399
2670000 7218
2690000 20566
2710000 28525
2730000 24039
2750000 16184
2770000 1616
2790000 18257
2810000 29234
2830000 20858
2850000 5610
2870000 2010
2890000 5421
2910000 3272
2930000 28849
2950000 17283
2970000 6291
2990000 10298
3010000 22000
3030000 13411
3050000 14671
3070000 1199
3090000 12346
3110000 24547
3130000 6660
3150000 8092
3170000 14308
3190000 10689
3210000 8243
3230000 5251
3250000 11207
3270000 28560
3290000 20858
3310000 8794
3330000 18792
3350000 23784
3370000 16101
3390000 16623
3410000 17426
3430000 18648
3450000 29619
3470000 24875
3490000 24974
3510000 2742
3530000 25564
3550000 12155
3570000 19898
3590000 9768
3610000 1852
3630000 15265
3650000 2184
3670000 16002
3690000 15485
3710000 9258
3730000 3782
3750000 25981
3770000 15459
3790000 24406
3810000 12584
3830000 14813
3850000 19440
3870000 8848
3890000 10855
3910000 6572
3930000 26794
3950000 6972
3970000 9512
3990000 7625
4010000 25135
4030000 11091
4050000 26010
4070000 12772
4090000 21812
4110000 27277
4130000 15860
4150000 5765
4170000 10700
4190000 26922
4210000 16321
4230000 15528
4250000 29712
4270000 10502
4290000 23900
4310000 16915
4330000 7193
4350000 4958
4370000 3475
4390000 2258
4410000 19918
4430000 727
4450000 5568
4470000 20901
4490000 19370
4510000 3803
4530000 19733
4550000 3422
4570000 21815
4590000 2825
4610000 6695
4630000 17460
4650000 3056
4670000 19738
4690000 20536
4710000 25515
4730000 27327
4750000 11896
4770000 1884
4790000 16283
4810000 4037
4830000 16383
4850000 16194
4870000 21631
4890000 16738
4910000 7209
4930000 12905
4950000 6514
4970000 5759
4990000 3920
5010000 26726
5030000 20058
5050000 25527
5070000 8055
5090000 16314
5110000 14114
5130000 29232
5150000 10486
5170000 5088
5190000 25189
5210000 19279
5230000 26030
5250000 24359
5270000 5034
5290000 11288
5310000 14394
5330000 142
5350000 13619
5370000 5741
5390000 28978
5410000 11906
5430000 6599
5450000 17593
5470000 8371
5490000 17978
5510000 15033
5530000 15290
5550000 20969
5570000 16830
5590000 19649
5610000 18613
5630000 26519
5650000 7404
5670000 24264
5690000 11481
5710000 4512
5730000 29746
5750000 17408
5770000 15445
5790000 27193
5810000 5949
5830000 10462
5850000 13350
5870000 9572
5890000 18061
5910000 217
5930000 4569
5950000 3675
5970000 21479
5990000 18797
6010000 18742
6030000 3094
6050000 2554
6070000 11298
6090000 5356
6110000 22941
6130000 10473
6150000 22024
6170000 10159
6190000 20089
6210000 9086
6230000 18268
6250000 241
6270000 27376
6290000 12453
6310000 28200
6330000 19448
6350000 20407
6370000 27783
6390000 11015
6410000 26946
6430000 20316
6450000 15667
6470000 11421
6490000 28673
6510000 6202
6530000 22888
6550000 23309
6570000 24326
6590000 28723
6610000 9133
6630000 13949
6650000 20575
6670000 1043
6690000 21416
6710000 23670
6730000 2731
6750000 18423
6770000 12283
6790000 21728
6810000 6213
6830000 3454
6850000 2953
6870000 14578
6890000 13988
6910000 24090
6930000 8088
6950000 29940
6970000 20394
6990000 17501
7010000 20060
7030000 26150
7050000 17313
7070000 3432
7090000 28122
7110000 27653
7130000 17759
7150000 22605
7170000 3679
7190000 21613
7210000 5611
7230000 14944
7250000 974
7270000 11895
7290000 24786
7310000 13440
7330000 13269
7350000 8525
7370000 13020
7390000 7994
7410000 23081
7430000 4615
7450000 3958
7470000 20867
7490000 2090
7510000 14136
7530000 20477
7550000 1086
7570000 13345
7590000 25593
7610000 20835
7630000 24227
7650000 19085
7670000 29739
7690000 27291
7710000 11070
7730000 8579
7750000 19949
7770000 14119
7790000 6855
7810000 4354
7830000 18091
7850000 18876
7870000 19006
7890000 11302
7910000 25218
7930000 19160
7950000 20486
7970000 10833
7990000 4200
8010000 5256
8030000 11437
8050000 5457
8070000 557
8090000 17064
8110000 2489
8130000 18333
8150000 16017
8170000 18828
8190000 1613
8210000 16835
8230000 22742
8250000 17442
8270000 8320
8290000 14187
8310000 23166
8330000 23927
8350000 4069
8370000 15329
8390000 17285
8410000 20621
8430000 27055
8450000 22016
8470000 24202
8490000 18502
8510000 24131
8530000 19205
8550000 17499
8570000 19479
8590000 15316
8610000 10115
8630000 4096
8650000 17211
8670000 8119
8690000 17186
8710000 11499
8730000 15680
8750000 12840
8770000 5377
8790000 4901
8810000 20671
8830000 6482
8850000 17531
8870000 19075
8890000 6503
8910000 6542
8930000 6754
8950000 4822
8970000 12827
8990000 1410
9010000 25988
9030000 82
9050000 15237
9070000 25766
9090000 3058
9110000 18122
9130000 934
9150000 12537
9170000 18225
9190000 28082
9210000 19765
9230000 19656
9250000 18437
9270000 12390
9290000 9338
9310000 5796
9330000 24273
9350000 18449
9370000 26469
9390000 16501
9410000 17098
9430000 11151
9450000 9149
9470000 7873
9490000 4595
9510000 24428
9530000 19242
9550000 6156
9570000 18290
9590000 6114
9610000 16992
9630000 25716
9650000 2867
9670000 29619
9690000 3686
9710000 11889
9730000 4840
9750000 8456
9770000 9565
9790000 25041
9810000 7464
9830000 18345
9850000 1003
9870000 10438
9890000 17215
9910000 9400
9930000 7373
9950000 19154
9970000 12524
9990000 14877
-10000 9894
-30000 27071
-50000 19727
-70000 17183
-90000 680
-110000 22323
-130000 29485
-150000 26897
-170000 5890
-190000 16894
-210000 668
-230000 10748
-250000 19686
-270000 1663
-290000 16482
-310000 23283
-330000 15905
-350000 27327
-370000 26797
-390000 19160
-410000 17768
-430000 24497
-450000 17753
-470000 27998
-490000 27445
-510000 17426
-530000 3358
-550000 14672
-570000 15951
-590000 12877
-610000 15731
-630000 190
-650000 1471
-670000 5254
-690000 22836
-710000 1581
-730000 16027
-750000 21433
-770000 11502
-790000 29430
-810000 3610
-830000 27526
-850000 6171
-870000 18208
-890000 1989
-910000 28127
-930000 9956
-950000 19631
-970000 17936
-990000 22706
-1010000 8414
-1030000 21772
-1050000 14024
-1070000 23983
-1090000 22986
-1110000 28452
-1130000 5874
-1150000 4800
-1170000 20124
-1190000 1864
-1210000 16784
-1230000 27208
-1250000 9249
-1270000 4591
-1290000 19805
-1310000 21580
-1330000 27856
-1350000 27496
-1370000 5002
-1390000 25738
-1410000 25607
-1430000 9862
-1450000 13600
-1470000 24768
-1490000 305
-1510000 6052
-1530000 18747
-1550000 5491
-1570000 16153
-1590000 29633
-1610000 19323
-1630000 21840
-1650000 15546
-1670000 18677
-1690000 23545
-1710000 12177
-1730000 28749
-1750000 12048
-1770000 18276
-1790000 27741
-1810000 27359
-1830000 19639
-1850000 13704
-1870000 29606
-1890000 13543
-1910000 29606
-1930000 20698
-1950000 301
-1970000 9925
-1990000 26960
-2010000 5777
-2030000 14645
-2050000 6947
-2070000 16995
-2090000 5283
-2110000 12169
-2130000 6740
-2150000 14858
-2170000 3483
-2190000 11184
-2210000 2775
-2230000 24005
-2250000 26129
-2270000 2746
-2290000 2896
-2310000 2875
-2330000 13818
-2350000 84
-2370000 29620
-2390000 29268
-2410000 25678
-2430000 18656
-2450000 13227
-2470000 12491
-2490000 18366
-2510000 26981
-2530000 8752
-2550000 27570
-2570000 11555
-2590000 28290
-2610000 26994
-2630000 14161
-2650000 15225
-2670000 12247
-2690000 5552
-2710000 14807
-2730000 6956
-2750000 18485
-2770000 16208
-2790000 28612
-2810000 11792
-2830000 28163
-2850000 29299
-2870000 3677
-2890000 7555
-2910000 23672
-2930000 24405
-2950000 9483
-2970000 7624
-2990000 15544
-3010000 5879
-3030000 26665
-3050000 12677
-3070000 17640
-3090000 9080
-3110000 10138
-3130000 3748
-3150000 6316
-3170000 3093
-3190000 18571
-3210000 9189
-3230000 1154
-3250000 6088
-3270000 15410
-3290000 6935
-3310000 22425
-3330000 18048
-3350000 2067
-3370000 29942
-3390000 13884
-3410000 14988
-3430000 18001
-3450000 18842
-3470000 9680
-3490000 1536
-3510000 28513
-3530000 25966
-3550000 28722
-3570000 15836
-3590000 13833
-3610000 16737
-3630000 4527
-3650000 5139
-3670000 16138
-3690000 292
-3710000 10032
-3730000 25600
-3750000 1482
-3770000 15961
-3790000 11243
-3810000 3222
-3830000 9986
-3850000 15303
-3870000 11355
-3890000 10896
-3910000 29259
-3930000 21598
-3950000 6395
-3970000 21087
-3990000 143
-4010000 23990
-4030000 5513
-4050000 1646
-4070000 14848
-4090000 22041
-4110000 17681
-4130000 14735
-4150000 15790
-4170000 4859
-4190000 6996
-4210000 25011
-4230000 23765
-4250000 5771
-4270000 2120
-4290000 21365
-4310000 22890
-4330000 21784
-4350000 27598
-4370000 16488
-4390000 1184
-4410000 23291
-4430000 22262
-4450000 11033
-4470000 25359
-4490000 19444
-4510000 15460
-4530000 26907
-4550000 10912
-4570000 24509
-4590000 17053
-4610000 20305
-4630000 21375
-4650000 894
-4670000 1045
-4690000 14712
-4710000 15430
-4730000 19802
-4750000 8166
-4770000 565
-4790000 90
-4810000 6814
-4830000 23079
-4850000 105
-4870000 1502
-4890000 12871
-4910000 21958
-4930000 26477
-4950000 15453
-4970000 29336
-4990000 2644
-5010000 140
-5030000 26408
-5050000 24948
-5070000 3409
-5090000 29789
-5110000 3988
-5130000 3249
-5150000 4653
-5170000 1005
-5190000 800
-5210000 18298
-5230000 8434
-5250000 6711
-5270000 16853
-5290000 15049
-5310000 13328
-5330000 23937
-5350000 28978
-5370000 7483
-5390000 4086
-5410000 10758
-5430000 21946
-5450000 12875
-5470000 13400
-5490000 10135
-5510000 16315
-5530000 6886
-5550000 12049
-5570000 9989
-5590000 4248
-5610000 3717
-5630000 13942
-5650000 2842
-5670000 6740
-5690000 5736
-5710000 11299
-5730000 20500
-5750000 13229
-5770000 26179
-5790000 21038
-5810000 26189
-5830000 14700
-5850000 25066
-5870000 4094
-5890000 22629
-5910000 9506
-5930000 4618
-5950000 10632
-5970000 16727
-5990000 25979
-6010000 13849
-6030000 29968
-6050000 2756
-6070000 10170
-6090000 2378
-6110000 8720
-6130000 12564
-6150000 24230
-6170000 1792
-6190000 6944
-6210000 2653
-6230000 27616
-6250000 15187
-6270000 9215
-6290000 19760
-6310000 7806
-6330000 18216
-6350000 12883
-6370000 29237
-6390000 4390
-6410000 23739
-6430000 8728
-6450000 1634
-6470000 28437
-6490000 17864
-6510000 3801
-6530000 20625
-6550000 20609
-6570000 11311
-6590000 15708
-6610000 3848
-6630000 12228
-6650000 20250
-6670000 25044
-6690000 7491
-6710000 26218
-6730000 20661
-6750000 25216
-6770000 18970
-6790000 13486
-6810000 23293
-6830000 5441
-6850000 10586
-6870000 21311
-6890000 13234
-6910000 17731
-6930000 7065
-6950000 6700
-6970000 9226
-6990000 22081
-7010000 7721
-7030000 28355
-7050000 20308
-7070000 17083
-7090000 14152
-7110000 26806
-7130000 29793
-7150000 13
-7170000 20482
-7190000 6262
-7210000 15973
-7230000 5959
-7250000 5446
-7270000 742
-7290000 11337
-7310000 13945
-7330000 1830
-7350000 3012
-7370000 29442
-7390000 12333
-7410000 3530
-7430000 17308
-7450000 2779
-7470000 11834
-7490000 7905
-7510000 4869
-7530000 25571
-7550000 28485
-7570000 29042
-7590000 26529
-7610000 20572
-7630000 6913
-7650000 27321
-7670000 4239
-7690000 29569
-7710000 26402
-7730000 7648
-7750000 28235
-7770000 248
-7790000 29133
-7810000 6873
-7830000 24181
-7850000 10328
-7870000 1006
-7890000 18775
-7910000 17507
-7930000 21908
-7950000 23923
-7970000 12278
-7990000 7641
-8010000 3238
-8030000 163
-8050000 12466
-8070000 5413
-8090000 5834
-8110000 27825
-8130000 1824
-8150000 29139
-8170000 25108
-8190000 10372
-8210000 6470
-8230000 17150
-8250000 25398
-8270000 7828
-8290000 23542
-8310000 10698
-8330000 18595
-8350000 28383
-8370000 12524
-8390000 3799
-8410000 10429
-8430000 21336
-8450000 20762
-8470000 16405
-8490000 2828
-8510000 11422
-8530000 2552
-8550000 5773
-8570000 14783
-8590000 13744
-8610000 25066
-8630000 20529
-8650000 7596
-8670000 18460
-8690000 5108
-8710000 13749
-8730000 4710
-8750000 9076
-8770000 9695
-8790000 1556
-8810000 1388
-8830000 22178
-8850000 18693
-8870000 21818
-8890000 7990
-8910000 12965
-8930000 10218
-8950000 4141
-8970000 19000
-8990000 15089
-9010000 9913
-9030000 28242
-9050000 9578
-9070000 7335
-9090000 22648
-9110000 573
-9130000 836
-9150000 6428
-9170000 2505
-9190000 15153
-9210000 18227
-9230000 1688
-9250000 27177
-9270000 16560
-9290000 1135
-9310000 5834
-9330000 19056
-9350000 20419
-9370000 16034
-9390000 2535
-9410000 20347
-9430000 6774
-9450000 29228
-9470000 17989
-9490000 17682
-9510000 2581
-9530000 7789
-9550000 14588
-9570000 24807
-9590000 19958
-9610000 8313
-9630000 17887
-9650000 6766
-9670000 13626
-9690000 12296
-9710000 22080
-9730000 10486
-9750000 11031
-9770000 7851
-9790000 12025
-9810000 16971
-9830000 24191
-9850000 17710
-9870000 28982
-9890000 430
-9910000 21902
-9930000 27652
-9950000 15673
-9970000 3271
-9990000 16584
10000
