1000
10000 16089
30000 6772
50000 26186
70000 223
90000 3052
110000 29589
130000 25705
150000 25217
170000 5782
190000 7020
210000 2210
230000 28163
250000 29791
270000 12752
290000 23603
310000 20153
330000 15209
350000 2208
370000 11145
390000 3060
410000 26491
430000 16329
450000 27159
470000 26926
490000 17997
510000 229
530000 23887
550000 5876
570000 10058
590000 9146
610000 26701
630000 7279
650000 15470
670000 27481
690000 29587
710000 491
730000 721
750000 22031
770000 12644
790000 25694
810000 18762
830000 8989
850000 2317
870000 17378
890000 29051
910000 21032
930000 22527
950000 26992
970000 19848
990000 24918
1010000 1708
1030000 27728
1050000 2868
1070000 29964
1090000 12348
1110000 24390
1130000 27915
1150000 23585
1170000 27664
1190000 10499
1210000 11990
1230000 4054
1250000 12417
1270000 5085
1290000 17388
1310000 525
1330000 20846
1350000 17235
1370000 24591
1390000 15367
1410000 8294
1430000 6185
1450000 29253
1470000 18394
1490000 698
1510000 3501
1530000 2843
1550000 14485
1570000 17435
1590000 15458
1610000 11571
1630000 27209
1650000 27722
1670000 9733
1690000 20123
1710000 14013
1730000 17640
1750000 26470
1770000 19569
1790000 4810
1810000 9439
1830000 14290
1850000 14946
1870000 10149
1890000 21885
1910000 21618
1930000 28248
1950000 545
1970000 21179
1990000 6807
2010000 8301
2030000 23825
2050000 8797
2070000 13468
2090000 13125
2110000 19611
2130000 29843
2150000 21448
2170000 25775
2190000 13876
2210000 7606
2230000 8795
2250000 2568
2270000 3569
2290000 24113
2310000 3360
2330000 17414
2350000 4103
2370000 21068
2390000 27608
2410000 16549
2430000 957
2450000 18086
2470000 2815
2490000 6934
2510000 26684
2530000 9110
2550000 6344
2570000 28625
2590000 21308
2610000 13938
2630000 25011
2650000 12885
2670000 11901
2690000 26177
2710000 14371
2730000 1892
2750000 18007
2770000 13384
2790000 12516
2810000 21085
2830000 29713
2850000 8096
2870000 16863
2890000 9392
2910000 5729
2930000 28235
2950000 23290
2970000 14899
2990000 9219
3010000 14172
3030000 24419
3050000 920
3070000 11767
3090000 14182
3110000 11537
3130000 25548
3150000 7116
3170000 15137
3190000 13104
3210000 10536
3230000 733
3250000 5709
3270000 8972
3290000 2259
3310000 28734
3330000 29933
3350000 23975
3370000 22101
3390000 24924
3410000 25068
3430000 6523
3450000 14872
3470000 26480
3490000 526
3510000 28009
3530000 20392
3550000 10031
3570000 543
3590000 4793
3610000 27028
3630000 21088
3650000 19402
3670000 21096
3690000 17762
3710000 3563
3730000 5385
3750000 21062
3770000 7488
3790000 24460
3810000 15737
3830000 26895
3850000 3193
3870000 17240
3890000 7058
3910000 10183
3930000 2608
3950000 6147
3970000 8338
3990000 26058
4010000 29096
4030000 19278
4050000 22426
4070000 17901
4090000 11633
4110000 1484
4130000 29853
4150000 21269
4170000 17394
4190000 29535
4210000 1352
4230000 2759
4250000 25108
4270000 8923
4290000 11067
4310000 24163
4330000 22736
4350000 4861
4370000 11905
4390000 7206
4410000 6306
4430000 11847
4450000 2413
4470000 17321
4490000 28020
4510000 1483
4530000 12368
4550000 18290
4570000 28772
4590000 7668
4610000 29060
4630000 2491
4650000 7810
4670000 14837
4690000 28511
4710000 1544
4730000 7862
4750000 22866
4770000 15124
4790000 18797
4810000 8640
4830000 963
4850000 2851
4870000 5812
4890000 4296
4910000 6474
4930000 13541
4950000 2223
4970000 6249
4990000 10811
5010000 14848
5030000 27726
5050000 16199
5070000 2565
5090000 11085
5110000 24559
5130000 12298
5150000 6585
5170000 24868
5190000 28394
5210000 23974
5230000 5424
5250000 5478
5270000 29679
5290000 27110
5310000 1618
5330000 24469
5350000 28638
5370000 19020
5390000 1074
5410000 16418
5430000 16828
5450000 27898
5470000 17754
5490000 12155
5510000 2531
5530000 27623
5550000 27987
5570000 8502
5590000 25657
5610000 1836
5630000 2026
5650000 22458
5670000 21085
5690000 2590
5710000 17735
5730000 2996
5750000 24783
5770000 23015
5790000 11581
5810000 613
5830000 3676
5850000 24273
5870000 9530
5890000 1334
5910000 448
5930000 18084
5950000 12965
5970000 29045
5990000 14020
6010000 22779
6030000 15179
6050000 18904
6070000 14117
6090000 13847
6110000 10819
6130000 1310
6150000 19289
6170000 3059
6190000 23329
6210000 1793
6230000 28368
6250000 7560
6270000 3361
6290000 27942
6310000 22698
6330000 12474
6350000 58
6370000 26259
6390000 285
6410000 2262
6430000 8076
6450000 875
6470000 11868
6490000 29294
6510000 16253
6530000 22762
6550000 10468
6570000 9168
6590000 25255
6610000 29787
6630000 21427
6650000 5489
6670000 28627
6690000 3779
6710000 11153
6730000 19429
6750000 28595
6770000 22430
6790000 2016
6810000 10295
6830000 26539
6850000 21287
6870000 24934
6890000 17388
6910000 8253
6930000 27113
6950000 1223
6970000 13529
6990000 5867
7010000 8363
7030000 23774
7050000 24561
7070000 18800
7090000 4700
7110000 29109
7130000 19491
7150000 6042
7170000 11977
7190000 1495
7210000 6380
7230000 5828
7250000 7909
7270000 8708
7290000 5855
7310000 8402
7330000 22485
7350000 29122
7370000 22002
7390000 4398
7410000 6295
7430000 22738
7450000 916
7470000 78
7490000 4992
7510000 29620
7530000 27117
7550000 8684
7570000 16870
7590000 22650
7610000 3798
7630000 15125
7650000 23412
7670000 23153
7690000 7741
7710000 3991
7730000 2732
7750000 2265
7770000 13023
7790000 4748
7810000 3698
7830000 1332
7850000 19466
7870000 6144
7890000 11015
7910000 24658
7930000 8073
7950000 15617
7970000 15667
7990000 4351
8010000 28565
8030000 7945
8050000 19495
8070000 8383
8090000 16225
8110000 8333
8130000 10188
8150000 6120
8170000 27541
8190000 5192
8210000 1435
8230000 13661
8250000 18356
8270000 4779
8290000 21914
8310000 1945
8330000 11326
8350000 22089
8370000 19967
8390000 3208
8410000 11272
8430000 16491
8450000 29577
8470000 9192
8490000 404
8510000 15108
8530000 28765
8550000 11391
8570000 6417
8590000 3982
8610000 19490
8630000 10184
8650000 28470
8670000 29476
8690000 1307
8710000 2215
8730000 6557
8750000 23570
8770000 21090
8790000 3216
8810000 29122
8830000 8219
8850000 3218
8870000 4675
8890000 5260
8910000 25310
8930000 7065
8950000 18225
8970000 11483
8990000 107
9010000 28165
9030000 27179
9050000 14945
9070000 25933
9090000 633
9110000 4785
9130000 26692
9150000 18342
9170000 21896
9190000 14281
9210000 13953
9230000 26611
9250000 7809
9270000 17805
9290000 6621
9310000 21013
9330000 4432
9350000 28543
9370000 19611
9390000 6947
9410000 10216
9430000 23422
9450000 8497
9470000 28697
9490000 1241
9510000 22867
9530000 23939
9550000 1955
9570000 22916
9590000 15673
9610000 18383
9630000 11453
9650000 28292
9670000 6225
9690000 27826
9710000 19239
9730000 5880
9750000 14957
9770000 23151
9790000 29635
9810000 13450
9830000 17786
9850000 2613
9870000 29260
9890000 124
9910000 17565
9930000 1944
9950000 3796
9970000 8894
9990000 21971
-10000 15278
-30000 22542
-50000 1325
-70000 19489
-90000 5789
-110000 26728
-130000 27383
-150000 28360
-170000 14507
-190000 10694
-210000 20906
-230000 9921
-250000 1152
-270000 14189
-290000 21773
-310000 28370
-330000 18264
-350000 8949
-370000 18951
-390000 15514
-410000 5921
-430000 24385
-450000 6842
-470000 5729
-490000 8933
-510000 19967
-530000 15499
-550000 3693
-570000 2342
-590000 28711
-610000 16282
-630000 10738
-650000 17890
-670000 5215
-690000 5237
-710000 29782
-730000 29701
-750000 26024
-770000 26616
-790000 17192
-810000 25400
-830000 11638
-850000 4916
-870000 23476
-890000 23066
-910000 1510
-930000 16620
-950000 29913
-970000 3052
-990000 20301
-1010000 23527
-1030000 12069
-1050000 13295
-1070000 5702
-1090000 25469
-1110000 5028
-1130000 10798
-1150000 22350
-1170000 3256
-1190000 8265
-1210000 25898
-1230000 12852
-1250000 6340
-1270000 2323
-1290000 28546
-1310000 5372
-1330000 2165
-1350000 1821
-1370000 15290
-1390000 5197
-1410000 22969
-1430000 20204
-1450000 13234
-1470000 22651
-1490000 9837
-1510000 21913
-1530000 10468
-1550000 27766
-1570000 28608
-1590000 8490
-1610000 5021
-1630000 21391
-1650000 45
-1670000 14533
-1690000 23314
-1710000 23123
-1730000 16100
-1750000 165
-1770000 11241
-1790000 12224
-1810000 9425
-1830000 28288
-1850000 18649
-1870000 22196
-1890000 8295
-1910000 16660
-1930000 15925
-1950000 7735
-1970000 19681
-1990000 23748
-2010000 7561
-2030000 1970
-2050000 5185
-2070000 29328
-2090000 17424
-2110000 12892
-2130000 19387
-2150000 13582
-2170000 3906
-2190000 12605
-2210000 10188
-2230000 18178
-2250000 18356
-2270000 21330
-2290000 23377
-2310000 865
-2330000 28682
-2350000 13803
-2370000 16131
-2390000 13813
-2410000 14504
-2430000 28462
-2450000 14435
-2470000 7534
-2490000 4798
-2510000 29103
-2530000 23838
-2550000 25308
-2570000 26
-2590000 25696
-2610000 17746
-2630000 523
-2650000 28134
-2670000 4774
-2690000 8187
-2710000 23966
-2730000 10185
-2750000 4846
-2770000 5752
-2790000 10028
-2810000 8233
-2830000 24492
-2850000 26973
-2870000 8829
-2890000 21284
-2910000 2120
-2930000 2858
-2950000 27140
-2970000 17130
-2990000 28752
-3010000 18300
-3030000 26956
-3050000 12804
-3070000 26427
-3090000 10762
-3110000 20201
-3130000 15836
-3150000 26639
-3170000 15126
-3190000 4937
-3210000 14046
-3230000 22828
-3250000 17960
-3270000 12416
-3290000 21561
-3310000 2137
-3330000 9349
-3350000 26237
-3370000 4191
-3390000 17414
-3410000 27661
-3430000 21663
-3450000 21326
-3470000 18028
-3490000 20672
-3510000 25995
-3530000 10083
-3550000 3061
-3570000 12185
-3590000 15500
-3610000 5579
-3630000 24645
-3650000 10120
-3670000 15947
-3690000 7806
-3710000 20392
-3730000 12208
-3750000 22145
-3770000 4930
-3790000 20980
-3810000 26598
-3830000 25161
-3850000 2317
-3870000 5311
-3890000 8994
-3910000 16050
-3930000 25222
-3950000 6636
-3970000 17218
-3990000 21282
-4010000 27579
-4030000 15054
-4050000 18517
-4070000 4797
-4090000 1174
-4110000 246
-4130000 15129
-4150000 1868
-4170000 12573
-4190000 9366
-4210000 10465
-4230000 9748
-4250000 24680
-4270000 18011
-4290000 24541
-4310000 27198
-4330000 26375
-4350000 28063
-4370000 24180
-4390000 5669
-4410000 20476
-4430000 23154
-4450000 16401
-4470000 18447
-4490000 21638
-4510000 21292
-4530000 3445
-4550000 12312
-4570000 13331
-4590000 23750
-4610000 21621
-4630000 20351
-4650000 2261
-4670000 20682
-4690000 1093
-4710000 8554
-4730000 28101
-4750000 24858
-4770000 19692
-4790000 8805
-4810000 18782
-4830000 25229
-4850000 19998
-4870000 14799
-4890000 2309
-4910000 25685
-4930000 25588
-4950000 15206
-4970000 13987
-4990000 17704
-5010000 12725
-5030000 1866
-5050000 28119
-5070000 29334
-5090000 17473
-5110000 27456
-5130000 1048
-5150000 11086
-5170000 24502
-5190000 19687
-5210000 18424
-5230000 15406
-5250000 22640
-5270000 4559
-5290000 4780
-5310000 6097
-5330000 16822
-5350000 21699
-5370000 9462
-5390000 23761
-5410000 24446
-5430000 27064
-5450000 21073
-5470000 21159
-5490000 7225
-5510000 8239
-5530000 429
-5550000 19424
-5570000 15682
-5590000 13503
-5610000 17028
-5630000 7755
-5650000 14237
-5670000 29469
-5690000 8569
-5710000 8461
-5730000 25764
-5750000 5220
-5770000 26626
-5790000 12427
-5810000 11162
-5830000 11388
-5850000 16126
-5870000 9082
-5890000 29055
-5910000 16369
-5930000 7157
-5950000 1579
-5970000 25327
-5990000 5385
-6010000 11807
-6030000 4525
-6050000 29944
-6070000 12272
-6090000 23990
-6110000 24625
-6130000 10049
-6150000 7160
-6170000 29777
-6190000 23272
-6210000 602
-6230000 13392
-6250000 20157
-6270000 22058
-6290000 20252
-6310000 18850
-6330000 16506
-6350000 4641
-6370000 2818
-6390000 10835
-6410000 23124
-6430000 15573
-6450000 24771
-6470000 29983
-6490000 29841
-6510000 2
-6530000 7949
-6550000 27317
-6570000 29281
-6590000 12319
-6610000 21784
-6630000 9581
-6650000 24043
-6670000 3064
-6690000 9602
-6710000 14504
-6730000 8927
-6750000 1839
-6770000 27685
-6790000 11307
-6810000 21872
-6830000 26272
-6850000 6990
-6870000 19319
-6890000 17106
-6910000 29030
-6930000 23327
-6950000 21518
-6970000 943
-6990000 19464
-7010000 2672
-7030000 25210
-7050000 1081
-7070000 25437
-7090000 1771
-7110000 14362
-7130000 195
-7150000 10556
-7170000 7080
-7190000 3868
-7210000 26661
-7230000 19119
-7250000 8264
-7270000 22501
-7290000 3558
-7310000 11156
-7330000 12757
-7350000 4702
-7370000 9131
-7390000 680
-7410000 13428
-7430000 3357
-7450000 5094
-7470000 17523
-7490000 16346
-7510000 15162
-7530000 6022
-7550000 22236
-7570000 19315
-7590000 27701
-7610000 5045
-7630000 12047
-7650000 5627
-7670000 29978
-7690000 22202
-7710000 6194
-7730000 21344
-7750000 27831
-7770000 18740
-7790000 4788
-7810000 1372
-7830000 14930
-7850000 1901
-7870000 16870
-7890000 26014
-7910000 18853
-7930000 8311
-7950000 3652
-7970000 28725
-7990000 4200
-8010000 6503
-8030000 27584
-8050000 12964
-8070000 16250
-8090000 27290
-8110000 15519
-8130000 11489
-8150000 20811
-8170000 14772
-8190000 15266
-8210000 9844
-8230000 21739
-8250000 743
-8270000 659
-8290000 19324
-8310000 18453
-8330000 27864
-8350000 14046
-8370000 2638
-8390000 25193
-8410000 26216
-8430000 26604
-8450000 2869
-8470000 11271
-8490000 1336
-8510000 3618
-8530000 11371
-8550000 3029
-8570000 553
-8590000 10287
-8610000 6465
-8630000 2795
-8650000 6477
-8670000 2688
-8690000 24665
-8710000 9536
-8730000 12704
-8750000 3267
-8770000 10204
-8790000 29890
-8810000 872
-8830000 29175
-8850000 25277
-8870000 25285
-8890000 23471
-8910000 9384
-8930000 1001
-8950000 17896
-8970000 25472
-8990000 20425
-9010000 4318
-9030000 5333
-9050000 5935
-9070000 19517
-9090000 18899
-9110000 19919
-9130000 18621
-9150000 28473
-9170000 9659
-9190000 26100
-9210000 20408
-9230000 14769
-9250000 13767
-9270000 18303
-9290000 13156
-9310000 10275
-9330000 15658
-9350000 3495
-9370000 13590
-9390000 17973
-9410000 29904
-9430000 5551
-9450000 27644
-9470000 6525
-9490000 12106
-9510000 4579
-9530000 16630
-9550000 21627
-9570000 1652
-9590000 578
-9610000 2453
-9630000 25269
-9650000 16404
-9670000 27829
-9690000 14057
-9710000 27202
-9730000 15698
-9750000 18150
-9770000 21211
-9790000 1911
-9810000 22202
-9830000 18866
-9850000 7580
-9870000 22827
-9890000 14656
-9910000 23165
-9930000 8078
-9950000 1253
-9970000 8397
-9990000 26873
10000
