1000
-29450344 96863369
-77387464 90926641
18683420 38037467
-68357950 54168647
97259890 36375447
-86894648 12852749
88955289 11440552
-5327006 69298163
-19380197 57756407
88265225 93433913
63074618 19229403
82137820 24287124
99883415 11439349
99405514 66482124
4573796 28084438
40703766 50577947
4824548 53512157
93406255 36112037
-50309484 26858778
92086614 54321837
-99146 93865462
-16202226 15197314
56437819 16299838
15460215 60263743
-63200083 14483631
50951903 30676119
-26833242 68047939
45994881 8166008
-60035129 14345148
-97942178 33988884
-97322608 91333050
30498897 84846794
-46354396 75559783
-24447284 48860808
51187329 55566591
-62905093 83558451
55489150 29689659
11362492 69139595
-86794008 20705002
-41540880 98758924
59291327 59366048
-71976334 26797049
84916544 7586217
-91374686 23198338
-86237371 88780389
-82394402 31098063
74186725 91639244
28623670 57618037
-32810130 58338638
65603535 60367775
13351303 12513122
73371501 59887658
7176973 27952089
35779806 3845370
79731634 2353293
-47041227 48498956
75295197 72209216
26418966 81972358
83832204 31890501
22794990 50374588
61033621 85189703
4130556 79620621
34226498 37659765
-67233101 12386985
-77564742 1962817
-66265687 24588997
21718074 58038560
76368056 49829835
-44758181 82749642
93826128 26881949
36712881 84917709
-88857882 2012670
-42590291 98924237
91876777 74864553
34674931 43949514
-34648002 29957335
-61500273 91752630
-99693400 68398997
4094978 95219958
9272063 48672404
39545937 92557920
94951585 36828543
15944855 79778250
75295133 21500294
-20384355 34515453
99421477 51021732
32676596 97966107
-15222447 36114534
50438182 54530574
-16196770 75021137
83944957 77048759
67691132 62306794
72554641 93255179
21790896 90384405
-78181037 79296158
12986880 99776572
-27919479 82638602
88830271 59084062
55385640 32469161
53060892 86536146
38194410 82817401
39626098 8777192
82476961 3144226
-35296692 48647950
-65753749 92207138
-63682733 6536224
34867875 59625950
62477099 58295007
76270043 62763078
56962872 78069085
15967947 24717563
-57370340 6377431
-92991780 95952847
68008916 41628560
62152043 64498838
-94987773 7048748
65221687 20524121
95076754 28312822
24201325 31676090
9361888 56150146
-62129226 90426896
71952161 55446580
82493796 80322377
8396170 41992410
32948331 84890337
64121634 99170926
-319741 17199183
29299346 93768302
9418404 2589588
5641343 7827277
-78536917 37919663
3689270 62587457
-82923714 46915805
-57188595 3072638
-86949604 51267771
92030308 91987987
47798563 86937616
-9888826 33116625
16868469 95314725
-40363422 4604021
45943431 54875541
-46486397 34083549
-22360822 64545209
22478432 61959028
-43473603 40987066
-44514341 298308
-88596865 49413030
-61092324 39597429
-19394237 26522621
39137 69356247
-90379008 73533046
-14221201 57911321
15156559 17459820
-49269160 14550431
-6444020 30856702
-19237503 48737991
24074605 57974903
-60747482 19056232
-86780452 22988243
-73269117 65699091
-40778719 67124758
73909417 84675863
-71766518 88581550
85225837 68376674
26576621 73031765
12707164 38913412
-10450387 87056513
-78340608 90655174
-30095684 93843645
53716236 21724803
-87912034 41957724
55724613 46421346
-71881778 65246640
-36230012 43420672
-12488127 15089867
-34224528 90803097
65596126 29857644
-85535936 86375451
62004177 46594814
96133773 23496448
27538380 30504504
-14272588 93577809
13262683 96815871
84139116 29649671
72471352 6807335
19487409 13381273
47967282 92393909
95084140 12978586
-25544405 27772264
3866906 84898673
-24738313 64025387
-55756809 76579274
10717465 9573719
85306421 14995691
43484011 22838238
-98630885 96595457
23801196 87592113
-70798159 52883503
-17179113 88184399
-39786249 25450806
15181287 42260859
-6604036 8850437
-36779136 32916548
-79736326 32350442
49332483 6057306
91193155 94747461
26193247 55816047
12065170 26703509
-8226256 74527946
95681225 44460033
88126013 32476284
21794782 15933328
45747121 79936854
-25823212 19281334
-80546134 74258084
62921046 80007932
30391062 18101132
-48864898 43614156
11289165 15918497
-74027145 48597719
3714896 29237786
42185793 51600556
29089224 67366706
-96434021 44137447
-20457905 53605749
69997251 15330398
-66650619 26153771
-1977554 48021515
-54360753 86190289
73671361 43239337
-99574472 10795586
-42445356 40984810
14504206 90292504
-15958985 68449641
-23234250 16388002
15784041 59038569
-59079627 10187801
-89676351 82969973
-18154396 66006218
-54950296 21597369
73155691 35946923
77289940 16505649
85143309 11906849
19059349 81849282
30212539 65540299
-18216918 11496805
39913915 85408638
-53849733 5992460
-21256768 20155932
-25760992 33805523
-61621888 96047595
-58308128 42168951
14077439 14092688
-1441531 11343587
-76771787 50022749
-82739713 45746064
7524353 72510682
-97815597 65625965
-94725209 63153951
41079468 58855807
12397802 7967287
-53216658 13531170
71797271 93837493
-66603469 85348959
-17407085 68997415
-21931374 59885717
12007745 83408860
71196772 89793321
-33506339 7331962
-44249722 54658259
-16813203 78503570
89740621 44210318
-77459759 23681744
-15061655 76182567
-96500852 94490932
72421720 79156065
-88498893 72571926
-19237655 47242545
-83490015 43919466
8962042 49515689
-30888897 65547577
-6207449 15887355
-14214244 72406302
48762286 94952008
28195404 69864410
-74433343 60594281
-27373345 6904629
41569698 43245919
17322021 67561818
90047593 4386753
54925517 85944314
32281993 45071869
37619894 27107047
58350875 48741253
-908555 85457928
49871924 84860880
4867028 28002069
92674149 93937356
-54862808 42847347
2653499 33915899
-75575852 55263376
-6793632 26453084
-35517238 72584039
190108 45819043
99390649 82443277
-37322663 22489825
-30157601 75272
19160700 20233570
84104 24646616
-67280065 69888140
-70911009 42539943
923786 28044077
-56943466 50812733
-68061583 12224277
-88986531 40478378
-81706718 7627913
90668613 8172821
-61058369 68098926
-513351 16103520
52900370 62380215
28106733 52114572
-41204903 9295841
25733672 98554246
67221033 18402589
-38222310 65431569
85990103 81840689
15677514 51278000
89510230 41460154
-95081980 35337215
23662691 73434742
-43608327 53124416
-26558467 19661861
37389528 19868240
37226889 26384432
-52185440 83767243
68491136 66482146
97948916 80752604
36017644 65034585
-8628362 15794237
-79892613 19064162
98036186 69666699
22207393 32610874
-87636393 70633178
-22874160 8666195
56553519 89941631
-95879717 20023427
-33367265 33813416
62942575 70674508
-27437138 39291889
98969350 41501943
-52574813 73077902
58146765 68419703
72411613 30929105
81051871 20059084
22236859 40806076
9421194 92848919
-95168814 25841662
-78688254 18004389
-26862988 53569102
89888737 83122278
52013533 22214987
-50654584 92611945
-22886852 49356941
31681199 95719273
-6127856 6082260
8171751 76598679
63365090 63637979
53454580 82517749
-59048676 3091216
93842262 49524659
-61483557 73915077
-53660940 53067572
-25485633 93589899
-47574716 92790156
-94861625 55725550
19743429 18359224
36505296 39364412
68936379 64812995
-66041086 15763238
58197431 26266230
-86888661 85010711
-69323246 78569222
75775258 65189612
-35848651 67601839
58830026 44653261
-53590443 39598690
-30775863 7276808
-64059278 80346952
28208410 90215616
-92929634 44018111
-70692496 27871242
-70173275 27225658
-37617260 21252522
45644134 30567509
96770580 52533797
16341752 32606794
-19908682 77448082
-64791332 96567839
69558315 71934382
-59082035 1571523
68418720 44976758
-46143658 31853078
60104281 81449908
-74487788 12327358
-60047497 47180705
72587092 84668762
56666485 22927505
49986273 13747133
-66615499 4477603
-34271894 44406089
-87241921 78952835
-24601504 89718399
37401144 87009540
61834266 4302868
47746708 74232979
4888574 53125863
55214035 75426514
-99964846 636778
-35945911 61499765
20376830 62366688
44621055 83663604
49251983 56295633
56346555 70712378
-85225790 524167
-92668974 24680999
7425960 91248668
96240762 37595344
86595765 89435799
-41003282 39170046
84871295 35691127
-16599784 84080086
6826837 56602262
43139505 68037275
-33587327 4511065
-97979412 92688394
3863652 97058823
68204547 76490428
-61734961 58553076
62322391 52616371
99923522 29768002
53516377 62314992
-2770471 46067063
-8248099 28356261
24700597 81083948
-61337557 89928286
33913259 4414506
85700142 46518749
-36186764 21278106
73979017 48867864
64815820 38507829
-40210958 78656346
78554947 57608311
-76379925 34087879
40043050 10632332
98972653 52369240
44026850 40997525
-4145472 87757813
-73266367 97899086
46657390 35696768
25265118 76914191
-77109924 39658488
-99668560 21243265
-17820665 1198729
99713510 25986072
64026252 84735356
-24201450 14023898
-77797263 3821242
-86087519 57618935
83099424 14452113
49934484 5208120
-34819772 87289606
55741775 17183960
-47591601 41790968
51272337 73629961
66802397 886835
-33244686 42259223
45665328 5302420
-20340637 51458363
-93872433 28400308
94433769 59135032
4251975 58171379
-38016572 69069895
94684125 83742129
30432924 83745443
-21249823 73689167
19206899 68380243
9888902 27167944
-45267405 84056239
83781785 22107336
78490992 88566015
-55327015 12056858
-88166251 94453046
64458732 58304965
-72780775 73735325
55644159 58279080
-87021772 87092362
-88456777 97633899
17149555 82709977
-21181283 76789969
-37812806 21630077
-65471565 13619295
21981272 72025570
-31588749 23429372
-58616312 67326361
1438563 76330844
-50925317 53476842
97927512 55415028
-93047401 13314781
-46979747 76345369
75456113 94078899
24346534 41896432
-5628336 20961402
16241709 64587990
10655362 44122063
-6044580 28633355
22492810 75192888
-35430144 82928901
71169093 92061477
-94854284 46539357
-82199672 56738234
33185406 15462069
61109747 73864504
84925437 43808295
1661040 61189423
-29869690 84108003
3741765 5439794
-31329957 65453290
99648731 84191891
18859253 31628567
6585438 20547238
-79031704 88195328
-43779028 39066307
-41319982 73995903
-15673050 2064439
30025772 4686652
-135095 94912944
-6639263 57098758
-47434911 75153218
51992666 37316054
-92930258 7796462
94318357 63538047
-54046283 59843954
-77515597 94237661
-82689116 33985214
64039634 49172824
-68511664 77802593
-54049546 63150764
-84700799 36664656
76883372 4175742
25181579 34309451
16776942 87168965
69004432 85883325
-66191288 36785197
-38283910 1822718
-49434902 43765200
-39043676 16759106
42644078 88297950
-99469501 80360080
38926573 56966392
77635178 46818844
42630333 14150208
-15427889 13443200
-14165533 71911137
-97475248 70960891
-80760626 74048247
-38975145 8575318
-39934648 63784339
-36179948 76871038
98164071 17384840
-51903437 23701385
-75197594 63912686
48885883 73875732
-33666713 77405169
-88966074 4636515
-19575041 65307291
275821 87871650
38292099 53135150
-31988642 10167818
-71565312 22226992
74062769 45134311
-85325402 81061813
-99443198 25301762
52683666 20882635
39217797 58095538
94146112 99748101
66880090 53900793
-91515896 75448982
-59570080 53101106
82960876 87447914
-36696360 83711233
42872367 81166614
75628544 27262195
38461123 11037587
19070987 52178115
-98828979 990159
11989514 63868478
-94264840 42020156
34165564 38954710
2526566 52014698
71816552 62693977
-4964874 59742615
-46130989 52854264
49487517 38783587
-52168765 66716289
-97109901 87480672
48135689 69990539
50384814 4272769
61040585 54743741
80295320 81831882
18809089 78244201
67759829 16069839
-65807275 42320039
-39243979 20687538
91119340 2978281
64154563 97764216
63675949 98265380
51062640 78857928
48115178 85362419
35027376 40280667
-61785124 35175973
6909104 55702142
-32930591 49734166
-74488370 40101131
-76277432 81290139
23979662 78897247
13655332 71063208
18362561 63428390
-28546590 63834557
58837984 79012076
-45983352 37667527
49323757 74895430
-20910023 77976146
-92483370 9652087
35966201 4452654
-82720839 93757714
-94379418 88044223
6242120 29320327
40303117 78600388
75088526 79278096
-72130476 32143115
39687693 13714421
48867307 96511973
90516951 51200503
-24749639 19161779
-94764941 15513190
-70545805 66312995
5205089 27436953
10980330 35304774
-60868451 45145772
43088290 78521957
49712990 29357404
79814547 16834155
2510309 18300623
-98300869 93287442
20035744 78774534
49234927 4231399
9718964 64002137
16696043 90647460
-91467654 14800007
-23579617 94707819
68212042 16042047
15194527 98865223
-91849501 26892773
-93107587 11826939
-2562635 39161057
63322638 30923793
89327061 3568773
43374138 5350697
2372072 51131705
-14128365 37211599
-5077074 73914043
-50963453 40575700
17761560 64937000
25818102 86989665
89670189 18286019
34622437 6462095
-40570406 2724430
-81805745 37194848
-89260123 74004225
93332809 46880346
54379714 1730787
-64359429 9009026
58285477 15337211
-44198310 79782973
-8046014 38838763
43711767 88877477
76771860 92860477
92086070 82088669
-60389526 2079865
-40650230 67240403
-9852687 90517868
-44246510 56065380
42574718 79334332
40078212 66171326
-88997415 10495566
-2385898 31740920
-40473352 82413642
-24414670 79202920
56676827 2411397
44798698 32651036
87259492 69917455
41733524 40983807
-8304110 49493315
66065388 32209560
4400771 45544228
-98642480 61555547
24108505 54408880
13717809 46795274
22310193 39689124
-40696151 91282477
-23825649 93581747
50614955 64586936
-15479560 41521054
-46475 10345037
-44419637 96106420
-56176701 81055936
73655602 26195415
92047116 28605246
-35091021 35024171
-19012006 18646289
-65536123 23146483
-47117949 19365693
96142416 33856900
-96656465 2750278
81407554 60520357
45945733 35999343
-37198349 71194397
-47694012 70476661
88602715 98400275
51575150 15662384
-67629060 69353619
-54243390 31435850
-31154981 30387757
72713351 79549612
-88104703 65985316
24619655 83011285
-47997037 7818640
-48578631 18053514
31969758 63233921
16537122 11657911
63087922 61426863
94471542 25620864
-94345886 40989232
-27420725 9825061
92502563 88602426
-91060455 59344383
82207474 84566481
48249121 87741831
72917603 99565093
-22197316 1073226
11133417 1390986
-56209959 5083051
-63001238 9623265
-38711450 14598189
-17732404 81483433
83440229 98417029
-33771508 66360988
-26495575 67712080
61712161 42688362
-3395883 373992
-87878471 160201
31197661 67726927
-90954435 26735844
73274664 5014105
59950037 98963721
-88059423 56661405
-13055020 59630005
-59569629 4801828
98198016 40009277
-4390674 33059203
2340990 72754054
69905076 97168684
32145781 68616005
-55569515 92979098
78921443 75644362
89853134 14336051
-72292204 67716395
35636119 758733
74061188 87125099
26546165 7837474
-41574391 29309434
14996284 53718502
-69485672 32335387
-83015880 21464062
68809565 24069973
4712825 69405861
-16055359 39561340
-83563902 69455816
91492782 18984098
25156039 38837528
-88475501 65418404
91380158 30628427
79734963 3936071
-89433761 64487697
93221619 63074624
26776900 48282412
69876821 76220725
-32957836 55445127
59337368 24242778
-3222928 58711474
49186143 15652636
-31213160 68323600
45074185 59131856
-83342551 66133789
20051937 10983760
-38418443 498850
47646489 11811043
-16918797 20155365
-92664102 90918788
12967002 57374308
-30583840 61816151
-34679828 67566013
76620566 9034534
-37880746 38998242
78688063 82172302
398662 58459625
60571009 68359556
-67628503 48660916
8285722 96975753
12238151 35832766
-22722112 45741198
70668758 47191311
77746015 75752335
45626333 45158878
26521908 51159179
-10950096 70033697
-70058003 33911399
77270902 16142128
-50128753 42883854
-83607488 36306904
-76396243 92975185
98392953 77193704
-47895618 34208301
-26565140 25893872
73486088 65992120
5715721 56874504
36991406 60879318
-38240579 47641673
69738070 54033286
99400642 98170878
-61715756 92040382
-45842677 46540262
-99153551 76083654
17338353 55194528
-60179651 58049592
16181799 30739282
27566865 151624
-43528579 20908888
81766529 74290548
41959157 80217034
56219477 69310183
-89138702 77843468
50372898 78636105
-53448081 49901839
11796187 78518976
-89393502 19207725
74462552 7222909
66746125 43367785
96999456 43663712
87684193 92997863
-2302830 46726292
-69594509 8922226
-52848159 33883768
73461321 27077915
54591645 34527479
-95798433 38676523
-56433030 67070106
55914498 65805074
4132652 14233542
-51568235 8247257
-23591035 90095428
42689425 18961314
-13279993 97035987
85670268 65047555
40725360 87089334
-50269873 83366732
-96993257 26833113
55649446 87983931
86988847 52386659
-24734909 77724298
43170471 57790283
46777465 4918197
77964464 30948976
-82960867 8686211
13594432 69248992
845197 53726870
41533186 94669969
47105981 87413372
75600770 99118280
-56236282 4804778
44581217 17268151
-43819453 64376802
59956463 46714883
-45879681 81153699
-40680716 55437780
-17324672 47417534
-93362208 77127982
11442115 92150857
62669027 64288685
-94159454 28751380
-1027731 40628211
-11325218 38334870
-11217175 97863242
34535346 26333482
6357994 28522105
17849999 85852263
6084543 56935193
69206642 69947395
8211345 45398309
76805047 74784251
-96228862 64057456
-67555581 60469631
80379625 4919313
-92392363 10883695
89692852 77725127
-57980819 72777221
-79907350 30564610
80420782 64482084
-58769835 8671069
46020648 57827480
11627249 61793335
-82762242 99764602
-73714592 91291200
-25606075 66134264
82985039 45151679
-58817821 70604454
-34254208 26962466
-10087305 15554294
-44698789 67464003
86052482 48675000
32143150 71202713
48393188 64866482
17873424 92982028
70555182 18310514
31607777 72639260
-52637214 2870231
-4301980 56825454
-76181820 87359028
10519745 66211960
92588097 85506215
-50062526 89528772
-92438092 18879066
-24581785 82176972
-2476242 18193892
60844791 23722041
43011420 1482460
15167067 87841756
76092968 54376537
-59372072 99518146
94342595 69389972
-60590528 46428607
43998212 45105774
-52710262 19335939
-72354589 48520964
34488019 76216403
-53764110 39209809
56254862 41879935
-75923278 55165760
-87895040 55988031
79572236 1264924
98634862 90481854
28667823 66837847
-73150614 94661286
14761869 91467830
99556058 35819889
51160542 8581933
28119924 64757265
-99116357 42463826
-99459810 92368571
-18959910 97230035
-95259509 69243046
-59820963 82537365
-37555428 32500394
-63743361 71528528
46713856 46787131
-29232375 53488614
56410548 2201286
66476496 32316415
-74439053 92477095
-5601927 48202304
-74969380 11895550
69338142 54026644
56630862 1183153
26213999 95274322
-75169940 12689871
-11756467 49050157
-69307249 32192139
61413904 30950016
-92808226 13321343
86811585 9802569
67051865 93496001
35848486 68818094
-47918308 24185012
-535168 93902842
46496598 1895132
-62006246 63857274
65597722 95160188
47889620 9113535
38965611 21290884
17679089 20959421
100000000
